TASMANIAN SG 4.0
WARNING: do not edit this manually
localpolynomial
2 1 1 5
localp
1 2 133 0 0 0 1 0 2 0 3 0 4 0 5 0 6 0 7 0 8 0 9 0 10 0 11 0 12 0 13 0 14 0 15 0 16 0 17 0 18 0 19 0 20 0 21 0 22 0 23 0 24 0 25 0 26 0 27 0 28 0 29 0 30 0 31 0 32 1 0 1 1 1 2 1 3 1 4 1 5 1 6 1 7 1 8 1 9 1 10 1 11 1 12 1 13 1 14 1 15 1 16 2 0 2 1 2 2 2 3 2 4 2 5 2 6 2 7 2 8 2 9 2 10 2 11 2 12 2 13 2 14 2 15 2 16 3 0 3 1 3 2 3 3 3 4 3 5 3 6 3 7 3 8 4 0 4 1 4 2 4 3 4 4 4 5 4 6 4 7 4 8 5 0 5 1 5 2 5 3 5 4 6 0 6 1 6 2 6 3 6 4 7 0 7 1 7 2 7 3 7 4 8 0 8 1 8 2 8 3 8 4 9 0 9 1 9 2 10 0 10 1 10 2 11 0 11 1 11 2 12 0 12 1 12 2 13 0 13 1 13 2 14 0 14 1 14 2 15 0 15 1 15 2 16 0 16 1 16 2 17 0 18 0 19 0 20 0
1  1.58198450061293761e+00 -3.33954437287793926e+00 9.11403527398483515e-01 7.29924513149278642e-01 8.64188990391328016e-02 3.96055604752306056e-01 7.37850074648647158e-02 3.01137404275744203e-02 1.49821609561762159e-02 1.84195082728539905e-01 4.71343098229120017e-02 2.14396678457247081e-02 1.50983062499459031e-02 9.17318583509496577e-03 6.10828875489577428e-03 4.33260530695833701e-03 3.21838065751522961e-03 7.22990075428868728e-02 2.77762566709975900e-02 1.49139355409118046e-02 9.21645257681236174e-03 6.35455839275822498e-03 4.47961483896830437e-03 4.32576923252492307e-03 3.27603654264851940e-03 2.55870799995694398e-03 2.04840589243615590e-03 1.67337869668848782e-03 1.39026373854966856e-03 1.17165965043519726e-03 9.99594005016479770e-04 8.61898949633399525e-04 7.50107281225265154e-04 -3.33954437321097330e+00 -2.15827679186165966e+00 4.15212432117002539e-01 6.65122444104736754e-01 3.28419781824971224e-02 3.92758101686795591e-01 4.01670014869246472e-02 1.15889929704025008e-02 5.54678303181033172e-03 1.60909669497076635e-01 4.61145497486130651e-02 1.70056459891521072e-02 5.44951095828238863e-03 3.47126883500159522e-03 2.39645959458201219e-03 1.57079515056190999e-03 1.21951075436443901e-03 9.11403527401092983e-01 4.15212428594446958e-01 -5.19709537582691006e-02 -1.17664192429975278e-01 -4.44700997051694635e-03 -6.19701632221142384e-02 -1.71173292920876463e-02 -1.48697746967130229e-03 -8.10670188987616669e-04 -2.78566017313244263e-02 -7.38239380344052343e-03 -2.77147482896111796e-03 -3.94238323928686185e-03 -4.40623641696280544e-04 -3.11109651616625627e-04 -2.30622272090030833e-04 -1.77262048023818508e-04 7.29924513289037513e-01 6.65122443888977788e-01 -1.17664194161813951e-01 -2.12979623849459010e-01 -1.20176763963942834e-02 -1.32525701419052733e-01 -6.56704516837225416e-03 -4.36746865984294352e-03 -1.93434997033170575e-03 8.64188990153766934e-02 3.28419796298651256e-02 -4.44700987866086805e-03 -1.20176764849549977e-02 -4.39939918702392241e-04 -6.48217415120316831e-03 -2.33084506790454116e-03 -1.50501027356308992e-04 -7.78521245636265569e-05 3.96055604916361048e-01 3.92758101390473513e-01 -6.19701649889452533e-02 -1.32525700024336168e-01 -6.48217336675505074e-03 7.37850075611059530e-02 4.01670011857500064e-02 -1.71173248248184251e-02 -6.56704474045810560e-03 -2.33084717748843762e-03 3.01137403335087761e-02 1.15889925174184061e-02 -1.48697740541670065e-03 -4.36746864959086656e-03 -1.50500248983054252e-04 1.49821610688212203e-02 5.54678489370363792e-03 -8.10670518483380675e-04 -1.93435126666885449e-03 -7.78521102976492685e-05 1.84195083370038981e-01 1.60909668986326970e-01 -2.78566036029617159e-02 4.71343098419729767e-02 4.61145496405643840e-02 -7.38239248006000714e-03 2.14396674638623885e-02 1.70056463154311110e-02 -2.77147677366840206e-03 1.50983062047611583e-02 5.44951104388236018e-03 -3.94238561085247241e-03 9.17318584750526078e-03 3.47126894016602794e-03 -4.40623652669169807e-04 6.10828879754854448e-03 2.39645954957168339e-03 -3.11109742402781997e-04 4.33260528935575095e-03 1.57079846020286018e-03 -2.30621204678149727e-04 3.21838076069203005e-03 1.21951162339534180e-03 -1.77262072088957279e-04 7.22990075056215709e-02 2.77762564374861576e-02 1.49139355516672012e-02 9.21645257882142133e-03
0
0
1 0
0 4 5 6 8 10 12 14 16 18 20 22 24 26 28 30 32 34 34 34 34 34 34 34 34 34 34 34 34 34 34 34 34 34 37 38 39 41 43 45 47 49 51 51 51 51 51 51 51 51 51 54 55 56 58 60 62 64 66 68 68 68 68 68 68 68 68 68 72 73 74 76 78 78 78 78 78 82 83 84 86 88 88 88 88 88 92 93 94 94 94 98 99 100 100 100 104 105 106 106 106 110 111 112 112 112 116 116 116 120 120 120 122 122 122 124 124 124 126 126 126 128 128 128 130 130 130 132 132 132 132 132 132 132
33 50 1 2 3 4 5 6 7 8 9 10 11 12 13 14 15 16 17 18 19 20 21 22 23 24 25 26 27 28 29 30 31 32 67 34 35 36 37 38 39 40 41 42 43 44 45 46 47 48 49 76 51 52 53 54 55 56 57 58 59 60 61 62 63 64 65 66 85 90 68 69 70 71 72 73 74 75 95 100 77 78 79 80 81 82 83 84 105 108 86 87 88 89 111 114 91 92 93 94 117 120 96 97 98 99 123 126 101 102 103 104 129 130 106 107 131 132 109 110 112 113 115 116 118 119 121 122 124 125 127 128
1 133 1 1.58198450061293761e+00 -1.75755987226500188e+00 2.49338802801142112e+00 6.42136827323246506e-01 2.12410516335131216e+00 -1.61655917718571546e-01 1.18584567143295683e+00 1.88315857240969953e+00 2.32372875663754286e+00 -7.75412812263246654e-01 2.87374764625249690e-01 9.35430917223826319e-01 1.39901339227289334e+00 1.74174472234641353e+00 2.00974015663540140e+00 2.22824956530138607e+00 2.41177677298199722e+00 -1.19418733472123728e+00 -4.40758108319911579e-01 7.77733589942509462e-02 4.73972248551060571e-01 7.95138430666294638e-01 1.06511790916735993e+00 1.29675530108544979e+00 1.49377498298556377e+00 1.66442331947963251e+00 1.81450005327049269e+00 1.94812274321923895e+00 2.06831292373190667e+00 2.17734902397678409e+00 2.27698875497448050e+00 2.36861466375940299e+00 2.45333250777793399e+00 -1.75755987259803592e+00 -7.25538103733763506e+00 -4.30943913082549701e-01 -3.11142349771381976e+00 -9.74991015618663082e-01 -4.39458856108662665e+00 -2.32053967620413815e+00 -1.32457271071037219e+00 -6.82438520362619538e-01 -5.47988004698651565e+00 -3.65975716982869770e+00 -2.67753627312410192e+00 -2.01850195719285885e+00 -1.52842183698410783e+00 -1.14127711481503979e+00 -8.22811367533120785e-01 -5.52253325310704923e-01 2.49338802801403059e+00 -4.30943916269461713e-01 3.35282060165424500e+00 1.64348237659158780e+00 3.00507620390275410e+00 9.40354671691254640e-01 2.12510288047558626e+00 2.77785887891629546e+00 3.19311989354568793e+00 4.11043858708111887e-01 1.33167044016089298e+00 1.90296082155035040e+00 2.32040137725546725e+00 2.64435601565856171e+00 2.89726472051280393e+00 3.10320003175908887e+00 3.27601136620945788e+00 6.42136827296488577e-01 -3.11142349762330284e+00 1.64348237659165930e+00 -3.85137223811219231e-01 1.23363181367806107e+00 -1.28837140654061000e+00 2.15801264782589292e-01 9.69425088740207497e-01 1.45437829763660997e+00 2.12410516332886079e+00 -9.74991015621989754e-01 3.00507620396954866e+00 1.23363181430277158e+00 2.64834613778437689e+00 4.87908748330436182e-01 1.74176398656673270e+00 2.41544540122200146e+00 2.84121014461408183e+00 -1.61655917734412430e-01 -4.39458856117363439e+00 9.40354671681970733e-01 -1.28837140517525794e+00 4.87908748084832422e-01 1.18584567151581899e+00 -2.32053967619729606e+00 2.12510288503782752e+00 2.15801265169536516e-01 1.74176398648589492e+00 1.88315857230440820e+00 -1.32457271109256869e+00 2.77785887891857675e+00 9.69425088755636155e-01 2.41544540194966162e+00 2.32372875674026691e+00 -6.82438519983201042e-01 3.19311989336223467e+00 1.45437829769618387e+00 2.84121014454284726e+00 -7.75412811796185153e-01 -5.47988004689926811e+00 4.11043859066787698e-01 2.87374764623010925e-01 -3.65975716991593103e+00 1.33167044149872793e+00 9.35430916870016116e-01 -2.67753627313100617e+00 1.90296082150493762e+00 1.39901339226913946e+00 -2.01850195698250579e+00 2.32040137711853323e+00 1.74174472230617816e+00 -1.52842183689111399e+00 2.64435601565983536e+00 2.00974015661418282e+00 -1.14127711501015927e+00 2.89726472049920858e+00 2.22824956532391960e+00 -8.22811364053036787e-01 3.10320003275056955e+00 2.41177677313784056e+00 -5.52253325742243950e-01 3.27601136619684308e+00 -1.19418733469148908e+00 -4.40758108327812648e-01 7.77733589959661575e-02 4.73972248538571006e-01
custom
2.00000000000000011e-01 3.00000000000000000e+00
2.00000000000000011e-01 3.00000000000000000e+00
TASMANIAN SG end
