TASMANIAN SG 4.0
WARNING: do not edit this manually
localpolynomial
2 1 1 5
localp
1 2 123 0 0 0 1 0 2 0 3 0 4 0 5 0 6 0 7 0 8 0 9 0 10 0 11 0 12 0 13 0 14 0 15 0 16 0 17 0 18 0 19 0 20 0 21 0 22 0 23 0 24 0 25 0 26 0 27 0 28 0 29 0 30 0 31 0 32 1 0 1 1 1 2 1 3 1 4 1 5 1 6 1 7 1 8 1 9 1 10 1 11 1 12 1 13 1 14 1 15 1 16 2 0 2 1 2 2 2 3 2 4 2 5 2 6 2 7 2 8 2 9 2 10 2 11 2 12 2 13 2 14 2 15 2 16 3 0 3 1 3 2 3 3 3 4 3 5 3 6 3 7 3 8 4 0 4 1 4 2 4 3 4 4 4 5 4 6 4 7 4 8 5 0 5 1 5 2 5 3 5 4 6 0 6 1 6 2 6 3 6 4 7 0 7 1 7 2 7 3 7 4 8 0 8 1 8 2 8 3 8 4 9 0 9 1 9 2 10 0 10 1 10 2 11 0 11 1 11 2 12 0 12 1 12 2 13 0 13 1 14 0 14 1 15 0 16 0
1  -4.03549349374332678e+02 -1.28849453175962481e+00 3.76750170928573880e-01 2.66538978428627615e-01 3.49489622833516478e-02 1.41561881292773251e-01 2.76400679892958578e-02 1.21511137302263705e-02 6.09726656665543487e-03 6.84596433558795070e-02 1.81311340772367657e-02 8.42840051342363950e-03 5.86888304036392583e-03 3.66823381671110837e-03 2.47914615226818569e-03 1.73235782420988471e-03 1.31781964995525414e-03 2.38761190173590876e-02 9.54862428363867366e-03 5.21204486244641885e-03 3.51159392801037029e-03 2.29784007706257398e-03 1.81123015670436871e-03 1.56770939838679624e-03 1.32781348133903521e-03 9.93337636657543044e-04 8.39315611756319413e-04 6.68551434785058518e-04 5.74541927335303626e-04 4.61905246140759118e-04 4.09110743476048810e-04 3.51694112566747208e-04 3.10684425812723930e-04 -1.28953468500117197e+00 -7.73051038429343862e-01 1.58223720313571903e-01 2.28365610795890461e-01 1.26517187347872095e-02 1.31069932399924483e-01 1.59927866801297114e-02 4.23962322133775160e-03 2.19576387644337956e-03 5.30400841572600257e-02 1.53079247908465277e-02 6.10014056539398553e-03 2.29342777078045401e-03 1.19782074190766252e-03 8.96257205710071503e-04 6.45857433283936189e-04 4.62572810391748135e-04 3.77658787880363889e-01 1.57880010230314838e-01 -2.13646228625634649e-02 -4.25356841072925818e-02 -1.72969084533747264e-03 -2.26878570506698907e-02 -5.52699326530614599e-03 -7.20617280421720352e-04 -2.92043270775366182e-04 -1.29126392403691170e-02 -3.31265468290098397e-03 -1.26617593460309763e-03 -1.36373551083579514e-03 -2.98377146776829250e-04 -1.34160080534684312e-04 -7.61326960798669461e-05 -7.26637564980592288e-05 2.67379847668678394e-01 2.28365610738137548e-01 -4.25356825889480206e-02 -6.98204336788705859e-02 -4.32775199615775819e-03 -3.93903887948283682e-02 -3.29801224359016487e-03 -1.49976114315109044e-03 -7.16244048874159489e-04 3.50827753138673870e-02 1.28235734328541184e-02 -1.69640271582238711e-03 -4.32775115007189015e-03 -2.11680648334322541e-05 -2.35084916596406401e-03 -6.06247236589751992e-04 -6.94267557577177286e-06 -1.94514212310537005e-05 1.42931672994166092e-01 1.31069932241217657e-01 -2.26878550717799499e-02 -3.93903883802124710e-02 -2.35085025215653332e-03 2.75682257934590780e-02 1.59927866443752009e-02 -5.52699286899382969e-03 -3.29801217674230429e-03 -6.06247612296328953e-04 1.21941260519520256e-02 4.23962322292936733e-03 -6.65346468792904489e-04 -1.49976116634320533e-03 -4.62648676347043875e-06 6.11597734717861385e-03 1.99847466740266100e-03 -2.95226386583635758e-04 -7.16242777002662478e-04 -1.63718019976499818e-05 7.02040114506417012e-02 5.30400839887903430e-02 -1.29126369193244273e-02 1.78194230752524163e-02 1.53079247635758975e-02 -3.31265436814476288e-03 8.29694694766658358e-03 6.10014063936148432e-03 -1.26617711397614130e-03 5.75003997005296696e-03 2.29342775180896297e-03 -1.36373542726175856e-03 3.70255616087433737e-03 1.19782078769503642e-03 2.50398807327201212e-03 8.96257174360926001e-04 1.74913862156245159e-03 1.32470133928563882e-03
0
0
1 0
0 4 5 6 8 10 12 14 16 18 20 22 24 26 28 30 32 34 34 34 34 34 34 34 34 34 34 34 34 34 34 34 34 34 37 38 39 41 43 45 47 49 51 51 51 51 51 51 51 51 51 54 55 56 58 60 62 64 66 68 68 68 68 68 68 68 68 68 72 73 74 76 78 78 78 78 78 82 83 84 86 88 88 88 88 88 92 93 94 94 94 98 99 100 100 100 104 105 106 106 106 110 111 112 112 112 114 114 114 116 116 116 118 118 118 120 120 120 121 121 122 122 122 122
33 50 1 2 3 4 5 6 7 8 9 10 11 12 13 14 15 16 17 18 19 20 21 22 23 24 25 26 27 28 29 30 31 32 67 34 35 36 37 38 39 40 41 42 43 44 45 46 47 48 49 76 51 52 53 54 55 56 57 58 59 60 61 62 63 64 65 66 85 90 68 69 70 71 72 73 74 75 95 100 77 78 79 80 81 82 83 84 105 108 86 87 88 89 111 114 91 92 93 94 117 119 96 97 98 99 121 122 101 102 103 104 106 107 109 110 112 113 115 116 118 120
1 123 1 -4.03549349374332678e+02 -4.04837843906092303e+02 -4.03172599203404104e+02 -4.03927057661783863e+02 -4.03326025326585068e+02 -4.04240888902645281e+02 -4.03710563450069003e+02 -4.03425536236728647e+02 -4.03243214998427902e+02 -4.04470906761012941e+02 -4.04065842148137335e+02 -4.03810382155412981e+02 -4.03624087529160477e+02 -4.03483774571713980e+02 -4.03373301635504617e+02 -4.03282887804682218e+02 -4.03206589281266076e+02 -4.04630499214535291e+02 -4.04346349207545529e+02 -4.04148153480528947e+02 -4.03992938311032617e+02 -4.03866422068521331e+02 -4.03758661572584231e+02 -4.03665757780216268e+02 -4.03585390638265153e+02 -4.03515568635386671e+02 -4.03453816088609528e+02 -4.03398750384681819e+02 -4.03349088939117507e+02 -4.03303994660387559e+02 -4.03262642290811698e+02 -4.03224550445734394e+02 -4.03189283557909278e+02 -4.04838884059333850e+02 -4.06900429629522819e+02 -4.04303910168091704e+02 -4.05374752255203816e+02 -4.04523796432694667e+02 -4.05864959128670591e+02 -4.05063185302599379e+02 -4.04664949509062694e+02 -4.04405560269950058e+02 -4.06261194651583594e+02 -4.05586416633069121e+02 -4.05204440237822780e+02 -4.04942872370155499e+02 -4.04747050729639682e+02 -4.04590997567520731e+02 -4.04462300136064812e+02 -4.04352954826560506e+02 -4.03171690586452314e+02 -4.04302305107981624e+02 -4.02816305038386304e+02 -4.03512994552895634e+02 -4.02960778540981323e+02 -4.03788775806196554e+02 -4.03320229494950013e+02 -4.03054804067267014e+02 -4.02882736566387905e+02 -4.03989993452973579e+02 -4.03636066700151730e+02 -4.03409449799343975e+02 -4.03241454893171635e+02 -4.03109877470189758e+02 -4.03005446318052407e+02 -4.02920101328556427e+02 -4.02848275646493676e+02 -4.03926736869164586e+02 -4.05373391309400745e+02 -4.03513410520668174e+02 -4.04339162739134963e+02 -4.03683126625261821e+02 -4.04688570565569933e+02 -4.04100611355063961e+02 -4.03792160583015459e+02 -4.03591789668508966e+02 -4.03325437205078629e+02 -4.04522168158290242e+02 -4.02961065748297131e+02 -4.03682859296459526e+02 -4.03109188527892002e+02 -4.03974646623773424e+02 -4.03479877926649010e+02 -4.03205529004070911e+02 -4.03029195344584537e+02 -4.04239878791255023e+02 -4.05862908864226370e+02 -4.03788416526457524e+02 -4.04687881246434813e+02 -4.03974224633772110e+02 -4.03710474895955144e+02 -4.05062056595308661e+02 -4.03320963629111702e+02 -4.04100843593520494e+02 -4.03480377494176764e+02 -4.03425199163653701e+02 -4.04663572282916448e+02 -4.03055303696267515e+02 -4.03792144302624592e+02 -4.03205750100907778e+02 -4.03242447918418293e+02 -4.04404122181121295e+02 -4.02882864642381094e+02 -4.03591527952773731e+02 -4.03029031542084795e+02 -4.04469177413843795e+02 -4.06258425151435176e+02 -4.03988871972743311e+02 -4.04065488407134580e+02 -4.05585022738974772e+02 -4.03636406754855727e+02 -4.03810308935612284e+02 -4.05203326864767689e+02 -4.03410156305056205e+02 -4.03624162095173858e+02 -4.04941906782978663e+02 -4.03242395111715155e+02 -4.03483571712832259e+02 -4.04745807717555806e+02 -4.03372814196292893e+02 -4.04589469975355655e+02 -4.03282193423126841e+02 -4.03205744551096075e+02
custom
2.00000000000000011e-01 3.00000000000000000e+00
2.00000000000000011e-01 3.00000000000000000e+00
TASMANIAN SG end
