TASMANIAN SG 4.0
WARNING: do not edit this manually
localpolynomial
2 1 1 5
localp
1 2 123 0 0 0 1 0 2 0 3 0 4 0 5 0 6 0 7 0 8 0 9 0 10 0 11 0 12 0 13 0 14 0 15 0 16 0 17 0 18 0 19 0 20 0 21 0 22 0 23 0 24 0 25 0 26 0 27 0 28 0 29 0 30 0 31 0 32 1 0 1 1 1 2 1 3 1 4 1 5 1 6 1 7 1 8 1 9 1 10 1 11 1 12 1 13 1 14 1 15 1 16 2 0 2 1 2 2 2 3 2 4 2 5 2 6 2 7 2 8 2 9 2 10 2 11 2 12 2 13 2 14 2 15 2 16 3 0 3 1 3 2 3 3 3 4 3 5 3 6 3 7 3 8 4 0 4 1 4 2 4 3 4 4 4 5 4 6 4 7 4 8 5 0 5 1 5 2 5 3 5 4 6 0 6 1 6 2 6 3 6 4 7 0 7 1 7 2 7 3 7 4 8 0 8 1 8 2 8 3 8 4 9 0 9 1 9 2 10 0 10 1 10 2 11 0 11 1 11 2 12 0 12 1 12 2 13 0 13 1 14 0 14 1 15 0 16 0
1  -5.69431429862466643e+02 -4.96705174234307378e-01 1.55553315669521908e-01 9.72614919311354242e-02 1.41130655824781570e-02 5.07668988107070618e-02 1.03586954702450385e-02 4.85245064817263483e-03 2.46966441920903890e-03 2.53790493542283002e-02 6.75848539640355739e-03 3.15952292987731198e-03 2.16172664158875705e-03 1.44430840668974270e-03 1.00343567498839548e-03 7.08357665757830546e-04 5.36800201416554046e-04 7.92187743536487687e-03 3.28252816245822032e-03 1.79845314585236338e-03 1.35740465316303016e-03 8.18758790956053417e-04 7.17139372227393324e-04 5.62507078143426043e-04 5.09790828459699696e-04 3.92570920666912571e-04 3.31219133386184694e-04 2.71404269483355165e-04 2.31622866181169229e-04 1.90175847251339292e-04 1.65134416761247849e-04 1.41847117902216269e-04 1.27369461779380799e-04 -4.98245940282117772e-01 -2.77158532318594553e-01 5.99231277371927717e-02 7.81028863507913229e-02 4.73659213810151414e-03 4.35166617469917583e-02 6.15713662125472183e-03 1.53688537477592035e-03 8.67167918158884277e-04 1.74834379556614294e-02 5.09002365225796893e-03 2.19961902257637121e-03 9.53536056158554857e-04 4.38929345705219021e-04 3.28356625118431111e-04 2.50930947345295863e-04 1.83352792873847648e-04 1.56206578299020293e-01 5.95879456953980480e-02 -9.10539452183911635e-03 -1.54251671326051110e-02 -8.18530929791450035e-04 -8.43866528640546676e-03 -1.83336181771664997e-03 -4.01461067156105855e-04 -1.05773994221181056e-04 -5.38138376214192249e-03 -1.29574064709458980e-03 -4.86107210690533975e-04 -4.47163377771175874e-04 -1.66163394055729441e-04 -6.27049291210823867e-05 -2.85362903582608851e-05 -2.65666845962186926e-05 9.81097051229653516e-02 7.81028863275992080e-02 -1.54251669591189966e-02 -2.24887457222280318e-02 -1.55292073000623532e-03 -1.17079575920087109e-02 -1.40157556340625433e-03 -5.25486195272151235e-04 -2.63744921909392360e-04 1.41936412959466907e-02 4.90418302246098392e-03 -7.89387248744333192e-04 -1.55292062436274136e-03 -9.85834989819522889e-06 -9.08761522268264343e-04 -1.80384398092314768e-04 -8.15831393197186117e-06 -5.85174490197459818e-06 5.20627697720783544e-02 4.35166616769890879e-02 -8.43866483128863365e-03 -1.17079574686016485e-02 -9.08761788423362304e-04 1.03840299598232377e-02 6.15713662662642491e-03 -1.83336193842364992e-03 -1.40157555703979142e-03 -1.80384449976145333e-04 4.85920744915802061e-03 1.53688540294183440e-03 -3.42221268198272810e-04 -5.25486203613922953e-04 -4.30864778877548815e-06 2.48835736988439749e-03 7.54227654311989681e-04 -1.10262675178773861e-04 -2.63744748892236203e-04 -2.94092131980505656e-06 2.72016736333853260e-02 1.74834379004522589e-02 -5.38138305667246186e-03 6.63206858018838830e-03 5.09002364505306559e-03 -1.29574057881143290e-03 3.18763095015128783e-03 2.19961904063836755e-03 -4.86107438419480786e-04 2.15774760908971075e-03 9.53536049294712029e-04 -4.47163315286047691e-04 1.45018067894397973e-03 4.38929359674489206e-04 1.01329178187370417e-03 3.28356624166303845e-04 7.15119484766546520e-04 5.39079117856999801e-04
0
0
1 0
0 4 5 6 8 10 12 14 16 18 20 22 24 26 28 30 32 34 34 34 34 34 34 34 34 34 34 34 34 34 34 34 34 34 37 38 39 41 43 45 47 49 51 51 51 51 51 51 51 51 51 54 55 56 58 60 62 64 66 68 68 68 68 68 68 68 68 68 72 73 74 76 78 78 78 78 78 82 83 84 86 88 88 88 88 88 92 93 94 94 94 98 99 100 100 100 104 105 106 106 106 110 111 112 112 112 114 114 114 116 116 116 118 118 118 120 120 120 121 121 122 122 122 122
33 50 1 2 3 4 5 6 7 8 9 10 11 12 13 14 15 16 17 18 19 20 21 22 23 24 25 26 27 28 29 30 31 32 67 34 35 36 37 38 39 40 41 42 43 44 45 46 47 48 49 76 51 52 53 54 55 56 57 58 59 60 61 62 63 64 65 66 85 90 68 69 70 71 72 73 74 75 95 100 77 78 79 80 81 82 83 84 105 108 86 87 88 89 111 114 91 92 93 94 117 119 96 97 98 99 121 122 101 102 103 104 106 107 109 110 112 113 115 116 118 120
1 123 1 -5.69431429862466643e+02 -5.69928135036700951e+02 -5.69275876546797122e+02 -5.69582520957652605e+02 -5.69339540139049404e+02 -5.69704561098366185e+02 -5.69496616714589322e+02 -5.69380632550109794e+02 -5.69305238678504111e+02 -5.69790969018179339e+02 -5.69636782542612991e+02 -5.69536409313191143e+02 -5.69461861561886394e+02 -5.69404586897881472e+02 -5.69359082908904725e+02 -5.69321681051111000e+02 -5.69290020812449256e+02 -5.69851630150004667e+02 -5.69744482530110190e+02 -5.69668873367343622e+02 -5.69608294345479635e+02 -5.69558646376631032e+02 -5.69515795874517949e+02 -5.69478676631159829e+02 -5.69446135921348173e+02 -5.69417615809253448e+02 -5.69392278504862361e+02 -5.69369586325237833e+02 -5.69349079901110940e+02 -5.69330420419232951e+02 -5.69313294730390680e+02 -5.69297487898358781e+02 -5.69282821310161466e+02 -5.69929675802748761e+02 -5.70703539509301663e+02 -5.69714199359342047e+02 -5.70141243277743342e+02 -5.69803087923324824e+02 -5.70328107832964861e+02 -5.70018943708154438e+02 -5.69859992527013901e+02 -5.69755306808996011e+02 -5.70472961183823372e+02 -5.70222827046305383e+02 -5.70074734350996323e+02 -5.69971194492753853e+02 -5.69892950927128936e+02 -5.69830208432869199e+02 -5.69778238077547257e+02 -5.69734032931174852e+02 -5.69275223284167623e+02 -5.69712340512706533e+02 -5.69128775363019940e+02 -5.69411945573638604e+02 -5.69188704788941095e+02 -5.69519814809648210e+02 -5.69335059095250585e+02 -5.69227513046973286e+02 -5.69156376185555473e+02 -5.69596079995585342e+02 -5.69460417446894098e+02 -5.69370828918725238e+02 -5.69303426626445230e+02 -5.69250090020557877e+02 -5.69207168187211437e+02 -5.69171860665872828e+02 -5.69142065540770886e+02 -5.69582443127484680e+02 -5.70139624681550686e+02 -5.69412353414905738e+02 -5.69747209715133522e+02 -5.69482469830273772e+02 -5.69882599926249895e+02 -5.69652790733091592e+02 -5.69527361071739051e+02 -5.69444772119133404e+02 -5.69339132932021130e+02 -5.69801139950385391e+02 -5.69188921700861329e+02 -5.69482140453462875e+02 -5.69250333374673573e+02 -5.69596001397278883e+02 -5.69401375062578722e+02 -5.69290089591546803e+02 -5.69217216612090283e+02 -5.69703996695344586e+02 -5.70326002663977192e+02 -5.69519652282183188e+02 -5.69882113353296518e+02 -5.69595844201231330e+02 -5.69496552465015952e+02 -5.70017338692539397e+02 -5.69335564312830002e+02 -5.69652804313677052e+02 -5.69401718020120938e+02 -5.69380422189794785e+02 -5.69858241400690986e+02 -5.69227882137648294e+02 -5.69527228541610612e+02 -5.69290252968694176e+02 -5.69304689750724492e+02 -5.69753497646521737e+02 -5.69156470437245844e+02 -5.69444441287102450e+02 -5.69217088796696316e+02 -5.69789634575413402e+02 -5.70470085975105576e+02 -5.69595105530185947e+02 -5.69636587842834615e+02 -5.70221091580538769e+02 -5.69460666520543100e+02 -5.69536310165300165e+02 -5.70073094437054351e+02 -5.69371257340356237e+02 -5.69461833416132094e+02 -5.69969625580961861e+02 -5.69304009845519772e+02 -5.69404475845451771e+02 -5.69891299108657449e+02 -5.69358764269126141e+02 -5.69828349027132163e+02 -5.69321196221888158e+02 -5.69289417438328201e+02
custom
2.00000000000000011e-01 3.00000000000000000e+00
2.00000000000000011e-01 3.00000000000000000e+00
TASMANIAN SG end
