TASMANIAN SG 4.0
WARNING: do not edit this manually
localpolynomial
2 1 1 5
localp
1 2 123 0 0 0 1 0 2 0 3 0 4 0 5 0 6 0 7 0 8 0 9 0 10 0 11 0 12 0 13 0 14 0 15 0 16 0 17 0 18 0 19 0 20 0 21 0 22 0 23 0 24 0 25 0 26 0 27 0 28 0 29 0 30 0 31 0 32 1 0 1 1 1 2 1 3 1 4 1 5 1 6 1 7 1 8 1 9 1 10 1 11 1 12 1 13 1 14 1 15 1 16 2 0 2 1 2 2 2 3 2 4 2 5 2 6 2 7 2 8 2 9 2 10 2 11 2 12 2 13 2 14 2 15 2 16 3 0 3 1 3 2 3 3 3 4 3 5 3 6 3 7 3 8 4 0 4 1 4 2 4 3 4 4 4 5 4 6 4 7 4 8 5 0 5 1 5 2 5 3 5 4 6 0 6 1 6 2 6 3 6 4 7 0 7 1 7 2 7 3 7 4 8 0 8 1 8 2 8 3 8 4 9 0 9 1 9 2 10 0 10 1 10 2 11 0 11 1 11 2 12 0 12 1 12 2 13 0 13 1 14 0 14 1 15 0 16 0
1  -5.92442379600565801e+02 -3.91326704760331268e-01 1.24654356824748902e-01 7.55912769714086608e-02 1.12422036527277669e-02 3.93001681650275714e-02 8.10418548871894018e-03 3.85067496381452656e-03 1.97257102377079718e-03 1.97957130500299172e-02 5.26060148160922836e-03 2.46255025001573813e-03 1.68355225400773634e-03 1.14398025255013636e-03 7.99457402649750293e-04 5.66444532637433440e-04 4.27402107447960589e-04 6.01692885129523347e-03 2.51348073936696892e-03 1.37728886556942598e-03 1.06865430905145331e-03 6.33968444049060054e-04 5.65271593814031803e-04 4.38793932175940427e-04 3.98010849721686100e-04 3.10648267486612895e-04 2.62328034523306997e-04 2.15816211607489095e-04 1.84747135449470079e-04 1.51902094330580439e-04 1.32179832235124195e-04 1.13090799118253926e-04 1.01447902011386759e-04 -3.92719772516556986e-01 -2.14480008350619755e-01 4.69804165877576452e-02 5.96851440487853324e-02 3.69918091075760458e-03 3.30089504638522158e-02 4.83041311866827527e-03 1.19955602389154592e-03 6.83577768484155968e-04 1.32474606258483618e-02 3.86523560058549265e-03 1.70438812079964919e-03 7.60950328754006478e-04 3.46654657732869964e-04 2.54736519138987205e-04 1.96562942790023953e-04 1.45367274285490566e-04 1.25215677981259432e-01 4.66737711924452015e-02 -7.37490253004580154e-03 -1.19783385151777111e-02 -6.83443100001568382e-04 -6.59799657228177239e-03 -1.39683666554901720e-03 -3.38324061374351004e-04 -8.37997592384454038e-05 -4.27908530707554746e-03 -1.01355334197705815e-03 -3.78677194021292962e-04 -3.38898442009849532e-04 -1.36473614361420914e-04 -5.30613339719820942e-05 -2.31177555747308361e-05 -2.07399991722923005e-05 7.63375895658100490e-02 5.96851440291175095e-02 -1.19783384145648597e-02 -1.69022473500035630e-02 -1.20395642807125114e-03 -8.64478344382746400e-03 -1.11338076052902579e-03 -4.06710772807628018e-04 -2.05117675449173475e-04 1.13034548234054455e-02 3.85250350291244104e-03 -6.55083569199632620e-04 -1.20395636480452595e-03 -9.48416482060565613e-06 -7.16902847472056237e-04 -1.35389665700813566e-04 -7.08422666662045231e-06 -4.74677401030021429e-06 4.04599600971096152e-02 3.30089504075203877e-02 -6.59799625725554506e-03 -8.64478335290641553e-03 -7.16903034685856255e-04 8.13072431049022271e-03 4.83041312531895528e-03 -1.39683678298752056e-03 -1.11338075794265023e-03 -1.35389695344656502e-04 3.84903781559842173e-03 1.19955604759525158e-03 -2.83127633110780152e-04 -4.06710778435126485e-04 -3.41121341307371040e-06 1.98923752213886473e-03 5.90340660778565507e-04 -8.90102774064871483e-05 -2.05117570232005164e-04 -2.29861660727692652e-06 2.14307387520875636e-02 1.32474605843526660e-02 -4.27908478309291240e-03 5.16349894996892544e-03 3.86523559586748888e-03 -1.01355329604757571e-03 2.49926614174000861e-03 1.70438813415785262e-03 -3.78677344770039781e-04 1.68876504744730482e-03 7.60950324092846131e-04 -3.38898400627840601e-04 1.14330066242018802e-03 3.46654667623624846e-04 8.06365007974818582e-04 2.54736519877951650e-04 5.71855392422548903e-04 4.30384921969562129e-04
0
0
1 0
0 4 5 6 8 10 12 14 16 18 20 22 24 26 28 30 32 34 34 34 34 34 34 34 34 34 34 34 34 34 34 34 34 34 37 38 39 41 43 45 47 49 51 51 51 51 51 51 51 51 51 54 55 56 58 60 62 64 66 68 68 68 68 68 68 68 68 68 72 73 74 76 78 78 78 78 78 82 83 84 86 88 88 88 88 88 92 93 94 94 94 98 99 100 100 100 104 105 106 106 106 110 111 112 112 112 114 114 114 116 116 116 118 118 118 120 120 120 121 121 122 122 122 122
33 50 1 2 3 4 5 6 7 8 9 10 11 12 13 14 15 16 17 18 19 20 21 22 23 24 25 26 27 28 29 30 31 32 67 34 35 36 37 38 39 40 41 42 43 44 45 46 47 48 49 76 51 52 53 54 55 56 57 58 59 60 61 62 63 64 65 66 85 90 68 69 70 71 72 73 74 75 95 100 77 78 79 80 81 82 83 84 105 108 86 87 88 89 111 114 91 92 93 94 117 119 96 97 98 99 121 122 101 102 103 104 106 107 109 110 112 113 115 116 118 120
1 123 1 -5.92442379600565801e+02 -5.92833706305326132e+02 -5.92317725243741052e+02 -5.92562451675974557e+02 -5.92368810218500698e+02 -5.92658778822485374e+02 -5.92494311452781517e+02 -5.92401744234569378e+02 -5.92341295160097161e+02 -5.92726446850855723e+02 -5.92605354647748300e+02 -5.92525919014128021e+02 -5.92466661974419594e+02 -5.92420917937315039e+02 -5.92384477769132445e+02 -5.92354486244766235e+02 -5.92329082799811658e+02 -5.92774059649239575e+02 -5.92690099355931125e+02 -5.92630689446251381e+02 -5.92582834507552434e+02 -5.92543551376607297e+02 -5.92509549961860898e+02 -5.92480047919668323e+02 -5.92454122776643089e+02 -5.92431338120672876e+02 -5.92411068757907742e+02 -5.92392895185639418e+02 -5.92376459246681179e+02 -5.92361496329539250e+02 -5.92347758522599406e+02 -5.92335075889155178e+02 -5.92323302573874344e+02 -5.92835099373082357e+02 -5.93440906086193309e+02 -5.92663464599669851e+02 -5.93002726308617639e+02 -5.92734340601812619e+02 -5.93149507078776651e+02 -5.92905978242242668e+02 -5.92779669756459725e+02 -5.92696246451949037e+02 -5.93262163408809101e+02 -5.93066990856614893e+02 -5.92950185337059338e+02 -5.92868094305079694e+02 -5.92805893929860758e+02 -5.92755950985214440e+02 -5.92714530519405344e+02 -5.92679282756427710e+02 -5.92317163922584541e+02 -5.92661816856152427e+02 -5.92199884468289838e+02 -5.92425877450912253e+02 -5.92247965434884463e+02 -5.92511144981939538e+02 -5.92364813337925170e+02 -5.92279052327832119e+02 -5.92222036180322561e+02 -5.92570964291303085e+02 -5.92464264168286263e+02 -5.92393261521362774e+02 -5.92339643976442858e+02 -5.92297100618570084e+02 -5.92262762485289613e+02 -5.92234457480826450e+02 -5.92210553662197981e+02 -5.92562401897258269e+02 -5.93001283462164793e+02 -5.92426235670554206e+02 -5.92693311078065676e+02 -5.92482430946226259e+02 -5.92800137410162051e+02 -5.92618450476374392e+02 -5.92518372679539198e+02 -5.92452224066157669e+02 -5.92368468306751765e+02 -5.92732605622412962e+02 -5.92248156484761239e+02 -5.92482138813233291e+02 -5.92297421397818539e+02 -5.92572087950791797e+02 -5.92418033182502199e+02 -5.92329270423578691e+02 -5.92270863016919861e+02 -5.92658290675073204e+02 -5.93147625863674421e+02 -5.92510988171272174e+02 -5.92799699041393637e+02 -5.92571941715085586e+02 -5.92494260024601545e+02 -5.92904533746309653e+02 -5.92365246569620126e+02 -5.92618448826905023e+02 -5.92418323666139827e+02 -5.92401574915843184e+02 -5.92778107370006296e+02 -5.92279374954068658e+02 -5.92518253139543049e+02 -5.92329411745374045e+02 -5.92340826877145901e+02 -5.92694631661099720e+02 -5.92222120249280806e+02 -5.92451928841790505e+02 -5.92270750982584673e+02 -5.92725264285325579e+02 -5.93259587775597424e+02 -5.92570074731502018e+02 -5.92605182787215767e+02 -5.93065425928373770e+02 -5.92464461975259383e+02 -5.92525831694788167e+02 -5.92948704949961325e+02 -5.92393620531290253e+02 -5.92466631047536225e+02 -5.92866670310446352e+02 -5.92340136040033713e+02 -5.92420833957542072e+02 -5.92804416882336227e+02 -5.92384215246289500e+02 -5.92754295394681776e+02 -5.92354075736556524e+02 -5.92328565014943251e+02
custom
2.00000000000000011e-01 3.00000000000000000e+00
2.00000000000000011e-01 3.00000000000000000e+00
TASMANIAN SG end
