TASMANIAN SG 4.0
WARNING: do not edit this manually
localpolynomial
2 1 1 5
localp
1 2 123 0 0 0 1 0 2 0 3 0 4 0 5 0 6 0 7 0 8 0 9 0 10 0 11 0 12 0 13 0 14 0 15 0 16 0 17 0 18 0 19 0 20 0 21 0 22 0 23 0 24 0 25 0 26 0 27 0 28 0 29 0 30 0 31 0 32 1 0 1 1 1 2 1 3 1 4 1 5 1 6 1 7 1 8 1 9 1 10 1 11 1 12 1 13 1 14 1 15 1 16 2 0 2 1 2 2 2 3 2 4 2 5 2 6 2 7 2 8 2 9 2 10 2 11 2 12 2 13 2 14 2 15 2 16 3 0 3 1 3 2 3 3 3 4 3 5 3 6 3 7 3 8 4 0 4 1 4 2 4 3 4 4 4 5 4 6 4 7 4 8 5 0 5 1 5 2 5 3 5 4 6 0 6 1 6 2 6 3 6 4 7 0 7 1 7 2 7 3 7 4 8 0 8 1 8 2 8 3 8 4 9 0 9 1 9 2 10 0 10 1 10 2 11 0 11 1 11 2 12 0 12 1 12 2 13 0 13 1 14 0 14 1 15 0 16 0
1  -2.45466656224112683e+02 -2.07456629911013124e+00 5.86039916208335399e-01 4.41151533208795854e-01 5.49469697473057295e-02 2.36660408349337104e-01 4.51550904950295262e-02 1.91503183158374668e-02 9.57313318644992250e-03 1.12331433152974114e-01 2.93672291192024204e-02 1.35475983228730001e-02 9.52165015416994720e-03 5.83422519295595521e-03 3.90574199144566592e-03 2.74804816308460431e-03 2.06206250891227683e-03 4.15242075532376020e-02 1.62857296945162489e-02 8.83758041749160839e-03 5.66155764184372856e-03 3.84057457560516013e-03 2.84207315394269244e-03 2.64287641363125658e-03 2.08909807261647984e-03 1.59306656917124201e-03 1.31719480185665816e-03 1.05326597159205448e-03 8.99429700126574971e-04 7.25117554253529306e-04 6.48305652561020906e-04 5.46066982082038521e-04 4.87841825275836527e-04 -2.07311467687986806e+00 -1.29148185048185837e+00 2.56564085974616773e-01 3.89894345208332993e-01 2.04876884440636786e-02 2.27045460320951520e-01 2.54726205842814579e-02 7.04975548130448715e-03 3.47298668386031295e-03 9.23832148072705195e-02 2.65594768520713842e-02 1.01731925473984575e-02 3.52263403692631982e-03 2.04001908647910568e-03 1.46355673193454550e-03 1.01168363418935314e-03 7.45573226282658652e-04 5.86764840061846371e-01 2.56564093847885033e-01 -3.31444779835692316e-02 -7.07311945888307037e-02 -2.66937704378733542e-03 -3.73960243122439806e-02 -9.69337518034762979e-03 -9.75505240063512247e-04 -4.94418782324146378e-04 -1.93142319817809494e-02 -5.07562441887898785e-03 -1.94404106829892953e-03 -2.35625418969220846e-03 -3.45570954749518933e-04 -2.10687247772511910e-04 -1.34733170170875383e-04 -1.16633589072989707e-04 4.41053230907243687e-01 3.89894345100799455e-01 -7.07311902404512693e-02 -1.22243916565686561e-01 -7.22742095062756107e-03 -7.22512133522918987e-02 -4.78978387182493748e-03 -2.56188451629668634e-03 -1.17628099609135006e-03 5.50550730483223560e-02 2.04876840864756105e-02 -2.66937715994686187e-03 -7.22741855307162950e-03 -1.04042283524563572e-04 -3.84560674904577127e-03 -1.16513698744569183e-03 -1.84749327729605284e-05 -4.06782888404677578e-05 2.37072465267857524e-01 2.27045460096064744e-01 -3.73960201956720084e-02 -7.22512125918761683e-02 -3.84560894224961203e-03 4.48940312333832026e-02 2.54726204674682322e-02 -9.69337340541187586e-03 -4.78978369784854863e-03 -1.16513789742356266e-03 1.91903718483672492e-02 7.04975536064011976e-03 -9.75505147550848051e-04 -2.56188454385153364e-03 -1.84745706732769577e-05 9.59046475534819365e-03 3.47298367793769103e-03 -4.94418655335948642e-04 -1.17627756007721018e-03 -4.06783593192017179e-05 1.12331433532744995e-01 9.23832145140011107e-02 -1.93142277692288644e-02 2.89258314956555296e-02 2.65594767984111968e-02 -5.07562376779446822e-03 1.31868801651080503e-02 1.01731927018136048e-02 -1.94404376270540524e-03 9.35501858521092799e-03 3.52263402922403657e-03 -2.35625464824806841e-03 5.85483374010209445e-03 2.04001915960816405e-03 3.92012224864402015e-03 1.46355666890940483e-03 2.76460075991735721e-03 2.07146980108063872e-03
0
0
1 0
0 4 5 6 8 10 12 14 16 18 20 22 24 26 28 30 32 34 34 34 34 34 34 34 34 34 34 34 34 34 34 34 34 34 37 38 39 41 43 45 47 49 51 51 51 51 51 51 51 51 51 54 55 56 58 60 62 64 66 68 68 68 68 68 68 68 68 68 72 73 74 76 78 78 78 78 78 82 83 84 86 88 88 88 88 88 92 93 94 94 94 98 99 100 100 100 104 105 106 106 106 110 111 112 112 112 114 114 114 116 116 116 118 118 118 120 120 120 121 121 122 122 122 122
33 50 1 2 3 4 5 6 7 8 9 10 11 12 13 14 15 16 17 18 19 20 21 22 23 24 25 26 27 28 29 30 31 32 67 34 35 36 37 38 39 40 41 42 43 44 45 46 47 48 49 76 51 52 53 54 55 56 57 58 59 60 61 62 63 64 65 66 85 90 68 69 70 71 72 73 74 75 95 100 77 78 79 80 81 82 83 84 105 108 86 87 88 89 111 114 91 92 93 94 117 119 96 97 98 99 121 122 101 102 103 104 106 107 109 110 112 113 115 116 118 120
1 123 1 -2.45466656224112683e+02 -2.47541222523222814e+02 -2.44880616307904347e+02 -2.46062787840458952e+02 -2.45118689296261209e+02 -2.46565344773491574e+02 -2.45719566941790760e+02 -2.45273522441871080e+02 -2.44990079668896328e+02 -2.46940952215204220e+02 -2.46284699077856033e+02 -2.45877629792801997e+02 -2.45583589932797565e+02 -2.45364255107798925e+02 -2.45192200127074727e+02 -2.45051636434415684e+02 -2.44933285925891425e+02 -2.47199563161660251e+02 -2.46736862764653353e+02 -2.46416184345256283e+02 -2.46168081901515677e+02 -2.45966368242054841e+02 -2.45795756294142450e+02 -2.45648935560880545e+02 -2.45523033980382507e+02 -2.45413862599386647e+02 -2.45317571580033132e+02 -2.45231808018501340e+02 -2.45154545281967842e+02 -2.45084437747784193e+02 -2.45020209746003445e+02 -2.44961136730411795e+02 -2.44906463275072610e+02 -2.47539770900992551e+02 -2.50905819050584540e+02 -2.46697166898809598e+02 -2.48391749097371417e+02 -2.47043034241709705e+02 -2.49185078205307718e+02 -2.47895132288102644e+02 -2.47265202497553958e+02 -2.46857054450389342e+02 -2.49840733979985885e+02 -2.48732486945368265e+02 -2.48119719901866773e+02 -2.47704407310356515e+02 -2.47394612454993819e+02 -2.47148749070908480e+02 -2.46946284614252249e+02 -2.46774303038864275e+02 -2.44879891384050836e+02 -2.46697893589313082e+02 -2.44326995945826070e+02 -2.45418472148061994e+02 -2.44551166072234935e+02 -2.45858918484650474e+02 -2.45113720050741705e+02 -2.44697353915067083e+02 -2.44430002294626377e+02 -2.46185388835810585e+02 -2.45614403711655882e+02 -2.45254492542147290e+02 -2.44989640321431807e+02 -2.44783133995320753e+02 -2.44620564938907364e+02 -2.44487970868437742e+02 -2.44376553691306384e+02 -2.46062160331645373e+02 -2.48392573210895648e+02 -2.45418569562690180e+02 -2.46713511982023221e+02 -2.45682401554149067e+02 -2.47275110671301945e+02 -2.46334734539918941e+02 -2.45852167631356991e+02 -2.45540352212887370e+02 -2.45118218731033437e+02 -2.47044015299133150e+02 -2.44551420430976833e+02 -2.45682558497721971e+02 -2.44781311342063248e+02 -2.46149170108983412e+02 -2.45361245348460272e+02 -2.44931120945785267e+02 -2.44657080641013607e+02 -2.46563893151051104e+02 -2.49185078205376158e+02 -2.45858191785677718e+02 -2.47274286556973323e+02 -2.46148189051701621e+02 -2.45719514246645645e+02 -2.47896531215358380e+02 -2.45114392277469278e+02 -2.46335309353471843e+02 -2.45361663218571891e+02 -2.45273247105724693e+02 -2.47266378783969003e+02 -2.44697803502739760e+02 -2.45852519804105640e+02 -2.44931316174458317e+02 -2.44989464592786788e+02 -2.46857890995789830e+02 -2.44430112142301425e+02 -2.45540364643857743e+02 -2.44656936130080737e+02 -2.46939500592489082e+02 -2.49840733979933589e+02 -2.46184662136480114e+02 -2.46284100909852611e+02 -2.48733340399841836e+02 -2.45614530466456074e+02 -2.45877650408980429e+02 -2.48121192140260121e+02 -2.45255238083677341e+02 -2.45583730216793953e+02 -2.47705999216676133e+02 -2.44990505528749850e+02 -2.45364096831178585e+02 -2.47395905800696198e+02 -2.45191812796130421e+02 -2.47149813362633495e+02 -2.45051077061150238e+02 -2.44932606518617689e+02
custom
2.00000000000000011e-01 3.00000000000000000e+00
2.00000000000000011e-01 3.00000000000000000e+00
TASMANIAN SG end
