TASMANIAN SG 4.0
WARNING: do not edit this manually
localpolynomial
2 1 1 5
localp
1 2 131 0 0 0 1 0 2 0 3 0 4 0 5 0 6 0 7 0 8 0 9 0 10 0 11 0 12 0 13 0 14 0 15 0 16 0 17 0 18 0 19 0 20 0 21 0 22 0 23 0 24 0 25 0 26 0 27 0 28 0 29 0 30 0 31 0 32 1 0 1 1 1 2 1 3 1 4 1 5 1 6 1 7 1 8 1 9 1 10 1 11 1 12 1 13 1 14 1 15 1 16 2 0 2 1 2 2 2 3 2 4 2 5 2 6 2 7 2 8 2 9 2 10 2 11 2 12 2 13 2 14 2 15 2 16 3 0 3 1 3 2 3 3 3 4 3 5 3 6 3 7 3 8 4 0 4 1 4 2 4 3 4 4 4 5 4 6 4 7 4 8 5 0 5 1 5 2 5 3 5 4 6 0 6 1 6 2 6 3 6 4 7 0 7 1 7 2 7 3 7 4 8 0 8 1 8 2 8 3 8 4 9 0 9 1 9 2 10 0 10 1 10 2 11 0 11 1 11 2 12 0 12 1 12 2 13 0 13 1 13 2 14 0 14 1 14 2 15 0 15 1 15 2 16 0 16 1 16 2 17 0 18 0
1  -6.10849482162880577e+02 -3.08287520131329984e-01 9.98774368172234972e-02 5.87484288334962912e-02 8.95141595572113147e-03 3.04267750977942342e-02 6.33976731364782609e-03 3.05349579161884321e-03 1.57618565981465508e-03 1.54384516634991087e-02 4.08939643227768101e-03 1.91787413689326058e-03 1.31246264436413185e-03 9.05290776586298307e-04 6.36176349644301808e-04 4.52653371780797897e-04 3.40689523568471486e-04 4.57148156442599429e-03 1.92461021140388766e-03 1.05465572187313228e-03 8.40411799572393647e-04 4.91618669116178353e-04 4.44668766363065515e-04 3.43087087912863353e-04 3.10334710661663848e-04 2.45239571995625738e-04 2.07816445481512346e-04 1.71377858350751922e-04 1.47280147757555824e-04 1.21305158245377243e-04 1.05725563571468228e-04 9.03645959624554962e-05 8.07245623946073465e-05 -3.09513234565883977e-01 -1.65976316835326543e-01 3.68274841699758326e-02 4.55966715396129985e-02 2.88938648185421698e-03 2.50317754678803794e-02 3.78426652309826750e-03 9.39395786303975910e-04 5.37542300037330278e-04 1.00377999000897944e-02 2.93502329634520720e-03 1.32036406154156793e-03 6.05728184666531888e-04 2.75111687187745702e-04 1.97718946765235160e-04 1.53604825072761741e-04 1.15037146940721868e-04 1.00352204427849756e-01 3.65548895857727985e-02 -5.97532831022817845e-03 -9.30431399291364869e-03 -5.69563212650336936e-04 -5.15972106529716257e-03 -1.06584372230145163e-03 -2.81792643477274396e-04 -6.70680321377403743e-05 -3.39167260534622983e-03 -7.90481398382780753e-04 -2.94352828689170565e-04 -2.57234612377033045e-04 -1.10524581316440162e-04 -4.48881795023226005e-05 -1.89608094274262839e-05 -1.62798216933879303e-05 5.93908804386273914e-02 4.55966715229578767e-02 -9.30431393362596282e-03 -1.26927995163157448e-02 -9.34255889461610423e-04 -6.38303577535737077e-03 -8.79985052208098750e-04 -3.15450933882743811e-04 -1.59455890937465483e-04 8.99501707908711978e-03 3.02568369210121091e-03 -5.42481975287500973e-04 -9.34255850381759956e-04 -8.64762080254877219e-06 -5.64909547435377135e-04 -1.02189053151846565e-04 -5.93119177949574805e-06 -3.90667675276290538e-06 3.14460080073786230e-02 2.50317754228035483e-02 -5.15972084735949466e-03 -6.38303570805476284e-03 -5.64909679027891798e-04 6.36470231211205828e-03 3.78426653014685144e-03 -1.06584382547225687e-03 -8.79985051355447467e-04 -1.02189068641678205e-04 3.04532934421786194e-03 9.39395805772846870e-04 -2.32792236573686750e-04 -3.15450937975469969e-04 -2.49755210290913965e-06 1.59039795698845410e-03 4.63149815658425723e-04 -7.24598814088039944e-05 -1.59455827414944906e-04 -1.90568387381517823e-06 1.68753556491765266e-02 1.00377998687690706e-02 -3.39167221591196721e-03 4.01586334612602514e-03 2.93502329304828891e-03 -7.90481367971551663e-04 1.95728531798522454e-03 1.32036407097757547e-03 -2.94352928619900922e-04 1.32186377027210256e-03 6.05728181369613594e-04 -2.57234586854337977e-04 9.00409744645003229e-04 2.75111694023166820e-04 -4.35786384826997164e-05 6.40998677340576251e-04 1.97718948740543965e-04 -2.67128250044379456e-05 4.57280649584390630e-04 8.34245265792787905e-05 -1.45133115978524074e-05 3.43820875855271879e-04 7.49411181431014484e-05 -1.14401935462637994e-05 6.20411742602300365e-05 2.33217178902123123e-09
0
0
1 0
0 4 5 6 8 10 12 14 16 18 20 22 24 26 28 30 32 34 34 34 34 34 34 34 34 34 34 34 34 34 34 34 34 34 37 38 39 41 43 45 47 49 51 51 51 51 51 51 51 51 51 54 55 56 58 60 62 64 66 68 68 68 68 68 68 68 68 68 72 73 74 76 78 78 78 78 78 82 83 84 86 88 88 88 88 88 92 93 94 94 94 98 99 100 100 100 104 105 106 106 106 110 111 112 112 112 116 116 116 118 118 118 120 120 120 122 122 122 124 124 124 126 126 126 128 128 128 130 130 130 130 130
33 50 1 2 3 4 5 6 7 8 9 10 11 12 13 14 15 16 17 18 19 20 21 22 23 24 25 26 27 28 29 30 31 32 67 34 35 36 37 38 39 40 41 42 43 44 45 46 47 48 49 76 51 52 53 54 55 56 57 58 59 60 61 62 63 64 65 66 85 90 68 69 70 71 72 73 74 75 95 100 77 78 79 80 81 82 83 84 105 108 86 87 88 89 111 114 91 92 93 94 117 120 96 97 98 99 123 126 101 102 103 104 129 130 106 107 109 110 112 113 115 116 118 119 121 122 124 125 127 128
1 131 1 -6.10849482162880577e+02 -6.11157769683011907e+02 -6.10749604726063353e+02 -6.10944877494112689e+02 -6.10790592028516244e+02 -6.11020896813464560e+02 -6.10890840061182985e+02 -6.10816983599906848e+02 -6.10768522191630041e+02 -6.11073894796574677e+02 -6.10978797757356347e+02 -6.10915940903511000e+02 -6.10868848649387473e+02 -6.10832327590617069e+02 -6.10803151637861902e+02 -6.10779104456701361e+02 -6.10758722769323072e+02 -6.11111260758228809e+02 -6.11045471194808215e+02 -6.10998792629688637e+02 -6.10960997213934888e+02 -6.10929917580142728e+02 -6.10902945813580686e+02 -6.10879501268197373e+02 -6.10858855071423363e+02 -6.10840659637176941e+02 -6.10824447778816420e+02 -6.10809896241026081e+02 -6.10796724553041258e+02 -6.10784726937450614e+02 -6.10773707598602186e+02 -6.10763532115880594e+02 -6.10754083023130875e+02 -6.11158995397446461e+02 -6.11633259234413117e+02 -6.11022290476459261e+02 -6.11291782215556623e+02 -6.11078802134515286e+02 -6.11407062174419252e+02 -6.11215264772664796e+02 -6.11114905874402893e+02 -6.11048432577527365e+02 -6.11494684452852539e+02 -6.11342397775259315e+02 -6.11250285255912331e+02 -6.11185211894226654e+02 -6.11135770233460903e+02 -6.11096020109162737e+02 -6.11063011097824528e+02 -6.11034905800322804e+02 -6.10749129958452727e+02 -6.11020862588998284e+02 -6.10655227849945732e+02 -6.10835552158884866e+02 -6.10693797051456158e+02 -6.10902940319909135e+02 -6.10787067135077450e+02 -6.10718691801806358e+02 -6.10673003333073325e+02 -6.10949854675395500e+02 -6.10865947324363106e+02 -6.10809686125673011e+02 -6.10767043318733158e+02 -6.10733116113934216e+02 -6.10705653138461116e+02 -6.10682966499702388e+02 -6.10663791181807596e+02 -6.10944847899724891e+02 -6.11290526906750983e+02 -6.10835861034756363e+02 -6.11048833438150837e+02 -6.10880892613933383e+02 -6.11133120545394604e+02 -6.10989488753414889e+02 -6.10909662514078150e+02 -6.10856691323426048e+02 -6.10790311043587621e+02 -6.11077295435233850e+02 -6.10693963752900800e+02 -6.10880641223424163e+02 -6.10733479411515532e+02 -6.10951686324311368e+02 -6.10829771477106419e+02 -6.10758988559273348e+02 -6.10712182837241244e+02 -6.11020475640578184e+02 -6.11405415287151754e+02 -6.10902789468447736e+02 -6.11132728966843160e+02 -6.10951546136319621e+02 -6.10890800328990736e+02 -6.11213999326039129e+02 -6.10787434021923218e+02 -6.10989478615606117e+02 -6.10830012729894065e+02 -6.10816851273889824e+02 -6.11113547833972916e+02 -6.10718971702374461e+02 -6.10909559782459155e+02 -6.10759109284342003e+02 -6.10768130103063186e+02 -6.11047025464343392e+02 -6.10673077863347658e+02 -6.10856434174116998e+02 -6.10712085969153350e+02 -6.11072860163363202e+02 -6.11492424105264490e+02 -6.10949056289020291e+02 -6.10978645906805468e+02 -6.11341020210312195e+02 -6.10866099869623895e+02 -6.10915866829039715e+02 -6.11248985467006150e+02 -6.10809984595950368e+02 -6.10868819382165384e+02 -6.11183956912573876e+02 -6.10767454744809811e+02 -6.10832266308640556e+02 -6.11134483237053701e+02 -6.10733431383112702e+02 -6.10802940160061439e+02 -6.11094582916977288e+02 -6.10705853441785280e+02 -6.10778763292675762e+02 -6.11061619744612472e+02 -6.10683078040786199e+02 -6.10758286209882044e+02 -6.11033525264676882e+02 -6.10663820475964371e+02 -6.11115865739230685e+02 -6.11046667899638464e+02
custom
2.00000000000000011e-01 3.00000000000000000e+00
2.00000000000000011e-01 3.00000000000000000e+00
TASMANIAN SG end
