TASMANIAN SG 4.0
WARNING: do not edit this manually
localpolynomial
2 1 1 5
localp
1 2 123 0 0 0 1 0 2 0 3 0 4 0 5 0 6 0 7 0 8 0 9 0 10 0 11 0 12 0 13 0 14 0 15 0 16 0 17 0 18 0 19 0 20 0 21 0 22 0 23 0 24 0 25 0 26 0 27 0 28 0 29 0 30 0 31 0 32 1 0 1 1 1 2 1 3 1 4 1 5 1 6 1 7 1 8 1 9 1 10 1 11 1 12 1 13 1 14 1 15 1 16 2 0 2 1 2 2 2 3 2 4 2 5 2 6 2 7 2 8 2 9 2 10 2 11 2 12 2 13 2 14 2 15 2 16 3 0 3 1 3 2 3 3 3 4 3 5 3 6 3 7 3 8 4 0 4 1 4 2 4 3 4 4 4 5 4 6 4 7 4 8 5 0 5 1 5 2 5 3 5 4 6 0 6 1 6 2 6 3 6 4 7 0 7 1 7 2 7 3 7 4 8 0 8 1 8 2 8 3 8 4 9 0 9 1 9 2 10 0 10 1 10 2 11 0 11 1 11 2 12 0 12 1 12 2 13 0 13 1 14 0 14 1 15 0 16 0
1  -3.33293885976112676e+02 -1.63499481477344943e+00 4.69898877782554791e-01 3.42915035100020305e-01 4.38221553596918056e-02 1.83014698727049563e-01 3.53275286989287451e-02 1.52592113404352858e-02 7.64263986542346174e-03 8.77007905401114840e-02 2.30995165802596603e-02 1.07043032892306655e-02 7.49315269285943941e-03 4.62987198068276484e-03 3.11191446303382691e-03 2.17891182256835236e-03 1.64660501485514033e-03 3.14825500031474803e-02 1.24702167238410766e-02 6.79014755326079467e-03 4.45559308150222932e-03 2.97305012657034240e-03 2.26988605385258779e-03 2.03731626947956102e-03 1.66818171686600181e-03 1.25669768584657504e-03 1.05343863032203444e-03 8.37908698372302752e-04 7.20146446553826536e-04 5.76867455322371825e-04 5.16354447142930439e-04 4.37685277006494289e-04 3.89727686240348703e-04 -1.63513951375449551e+00 -9.99154469469544892e-01 2.01525039649425253e-01 2.98427304894914869e-01 1.61171658178034249e-02 1.72536076722678899e-01 2.02065416920049756e-02 5.47174988247434158e-03 2.76055755293214133e-03 7.00000948814931689e-02 2.01621935117941575e-02 7.87591478797367017e-03 2.84265457810306543e-03 1.56101248271056647e-03 1.14607374709407850e-03 8.10079592497459089e-04 5.86020010331367303e-04 4.70762875990544671e-01 2.01309041529555088e-01 -2.65728905699234019e-02 -5.48460666255152773e-02 -2.13193304870173961e-03 -2.91109322733404952e-02 -7.31316242089974367e-03 -8.31154710652981521e-04 -3.80503480897687041e-04 -1.58514904583739735e-02 -4.12087198901645024e-03 -1.57905835101246339e-03 -1.79670942267762257e-03 -3.24244750117941294e-04 -1.67944623768789825e-04 -1.00772817006600235e-04 -9.24944122004944802e-05 3.43432928241838908e-01 2.98427304817124650e-01 -5.48460640470977978e-02 -9.24393093850568448e-02 -5.59431501673657294e-03 -5.33479445827964582e-02 -3.99787497190118302e-03 -1.95934213471815610e-03 -9.17975461426578931e-04 4.39501740849550515e-02 1.62251644782713811e-02 -2.10920791585067491e-03 -5.59431359108941706e-03 -4.62522484099281428e-05 -2.99862799162298188e-03 -8.36620581615932224e-04 -7.96257505442099500e-06 -2.82142290615183811e-05 1.84059453912027493e-01 1.72536076532381344e-01 -2.91109294184224154e-02 -5.33479440212971667e-02 -2.99862953514917763e-03 3.51798657447375263e-02 2.02065416243470963e-02 -7.31316151474459275e-03 -3.99787486310287932e-03 -8.36621170329010511e-04 1.53043205719427533e-02 5.47174984046705504e-03 -7.96596278860306484e-04 -1.95934216191773203e-03 -6.88178982954923413e-06 7.66162910935008767e-03 2.61491354376630625e-03 -3.82601898706980137e-04 -9.17973370285096735e-04 -2.65543098691978230e-05 8.88360385347368720e-02 7.00000946592140849e-02 -1.58514873315525051e-02 2.27251323017867435e-02 2.01621934737019615e-02 -4.12087153507201265e-03 1.04771850865290617e-02 7.87591489484640306e-03 -1.57906013185282745e-03 7.33903766939647539e-03 2.84265456044607845e-03 -1.79670948828203336e-03 4.66063285512063885e-03 1.56101254145823987e-03 3.13409335194592131e-03 1.14607369999930597e-03 2.19597652380798536e-03 1.65602244055662595e-03
0
0
1 0
0 4 5 6 8 10 12 14 16 18 20 22 24 26 28 30 32 34 34 34 34 34 34 34 34 34 34 34 34 34 34 34 34 34 37 38 39 41 43 45 47 49 51 51 51 51 51 51 51 51 51 54 55 56 58 60 62 64 66 68 68 68 68 68 68 68 68 68 72 73 74 76 78 78 78 78 78 82 83 84 86 88 88 88 88 88 92 93 94 94 94 98 99 100 100 100 104 105 106 106 106 110 111 112 112 112 114 114 114 116 116 116 118 118 118 120 120 120 121 121 122 122 122 122
33 50 1 2 3 4 5 6 7 8 9 10 11 12 13 14 15 16 17 18 19 20 21 22 23 24 25 26 27 28 29 30 31 32 67 34 35 36 37 38 39 40 41 42 43 44 45 46 47 48 49 76 51 52 53 54 55 56 57 58 59 60 61 62 63 64 65 66 85 90 68 69 70 71 72 73 74 75 95 100 77 78 79 80 81 82 83 84 105 108 86 87 88 89 111 114 91 92 93 94 117 119 96 97 98 99 121 122 101 102 103 104 106 107 109 110 112 113 115 116 118 120
1 123 1 -3.33293885976112676e+02 -3.34928880790886126e+02 -3.32823987098330122e+02 -3.33768468348399381e+02 -3.33015114381861736e+02 -3.34165659870915647e+02 -3.33495849633557100e+02 -3.33139240967646742e+02 -3.32911908100230448e+02 -3.34459569540360803e+02 -3.33943964593077339e+02 -3.33621454687688981e+02 -3.33387374652142057e+02 -3.33211933599898998e+02 -3.33074065760291205e+02 -3.32961332329223524e+02 -3.32866300994265430e+02 -3.34662742615620346e+02 -3.34300144488914384e+02 -3.34048022084443232e+02 -3.33851760877656830e+02 -3.33691988467917611e+02 -3.33556382274569160e+02 -3.33439574826580099e+02 -3.33338962132410529e+02 -3.33251653090320019e+02 -3.33174533845142605e+02 -3.33105815455270601e+02 -3.33043869924629860e+02 -3.32987646488087307e+02 -3.32936103860279843e+02 -3.32888666861970933e+02 -3.32844754318611535e+02 -3.34929025489867172e+02 -3.37563174774110166e+02 -3.34257601572435192e+02 -3.35604757791993734e+02 -3.34533374209973658e+02 -3.36228415507602222e+02 -3.35211357570539576e+02 -3.34710468888697505e+02 -3.34385084693786041e+02 -3.36738094255434589e+02 -3.35873324939705981e+02 -3.35389477463189451e+02 -3.35059855722932411e+02 -3.34813556304818917e+02 -3.34617663561125482e+02 -3.34456240460464869e+02 -3.34319110508085487e+02 -3.32823123100122132e+02 -3.34256808873366026e+02 -3.32379797112909500e+02 -3.33251897018269574e+02 -3.32559769884204798e+02 -3.33600449179364091e+02 -3.33009495692917824e+02 -3.32677018435533682e+02 -3.32462521362172652e+02 -3.33856779726283321e+02 -3.33407194454225589e+02 -3.33121571110655452e+02 -3.32910612953249824e+02 -3.32745765140597314e+02 -3.32615450190030003e+02 -3.32509067484183220e+02 -3.32419605126938450e+02 -3.33768022804748057e+02 -3.35604167549439182e+02 -3.33252207471187944e+02 -3.34286405798931241e+02 -3.33463828714716158e+02 -3.34729351881679577e+02 -3.33985781377266676e+02 -3.33599890015585174e+02 -3.33349913149771567e+02 -3.33014554364032449e+02 -3.34532669493562821e+02 -3.32560051139450707e+02 -3.33463714240601462e+02 -3.32744592815154647e+02 -3.33832731262483435e+02 -3.33208299975410114e+02 -3.32864737918183550e+02 -3.32644897803406707e+02 -3.34164464693395587e+02 -3.36227075631330308e+02 -3.33599955997317920e+02 -3.34728602247305560e+02 -3.33832096102677269e+02 -3.33495774524685658e+02 -3.35211137762793555e+02 -3.33010230580529026e+02 -3.33986151811971524e+02 -3.33208784884471868e+02 -3.33138915849500563e+02 -3.34709999071812092e+02 -3.32677511394597332e+02 -3.33600010441170184e+02 -3.32864954457865565e+02 -3.32911177102967940e+02 -3.34384462640811307e+02 -3.32462645098969460e+02 -3.33349754516924577e+02 -3.32644737575829595e+02 -3.34457909053096671e+02 -3.36736289069526265e+02 -3.33855794233673350e+02 -3.33943518616770064e+02 -3.35872734264609221e+02 -3.33407477473486153e+02 -3.33621421479630271e+02 -3.35389299556135029e+02 -3.33122320900903787e+02 -3.33387491212729742e+02 -3.35059827584609991e+02 -3.32911566511248452e+02 -3.33211740279951471e+02 -3.34813218285952530e+02 -3.33073601013414645e+02 -3.34617054115635540e+02 -3.32960669756976358e+02 -3.32865494079104451e+02
custom
2.00000000000000011e-01 3.00000000000000000e+00
2.00000000000000011e-01 3.00000000000000000e+00
TASMANIAN SG end
