TASMANIAN SG 4.0
WARNING: do not edit this manually
localpolynomial
2 1 1 5
localp
1 2 131 0 0 0 1 0 2 0 3 0 4 0 5 0 6 0 7 0 8 0 9 0 10 0 11 0 12 0 13 0 14 0 15 0 16 0 17 0 18 0 19 0 20 0 21 0 22 0 23 0 24 0 25 0 26 0 27 0 28 0 29 0 30 0 31 0 32 1 0 1 1 1 2 1 3 1 4 1 5 1 6 1 7 1 8 1 9 1 10 1 11 1 12 1 13 1 14 1 15 1 16 2 0 2 1 2 2 2 3 2 4 2 5 2 6 2 7 2 8 2 9 2 10 2 11 2 12 2 13 2 14 2 15 2 16 3 0 3 1 3 2 3 3 3 4 3 5 3 6 3 7 3 8 4 0 4 1 4 2 4 3 4 4 4 5 4 6 4 7 4 8 5 0 5 1 5 2 5 3 5 4 6 0 6 1 6 2 6 3 6 4 7 0 7 1 7 2 7 3 7 4 8 0 8 1 8 2 8 3 8 4 9 0 9 1 9 2 10 0 10 1 10 2 11 0 11 1 11 2 12 0 12 1 12 2 13 0 13 1 13 2 14 0 14 1 14 2 15 0 15 1 15 2 16 0 16 1 16 2 17 0 18 0
1  -1.35672744979123735e+02 -2.63218859316253884e+00 7.30848002877422687e-01 5.67485989263417423e-01 6.89020747278448198e-02 3.06110131029782906e-01 5.77196935994095384e-02 2.40202524753385660e-02 1.19818606117121362e-02 1.43855546997031070e-01 3.72505722638152292e-02 1.70791355600954375e-02 1.20283492121302515e-02 7.33035733054521188e-03 4.89322987488094441e-03 3.46159784643873536e-03 2.58171239241278272e-03 5.47843055234693566e-02 2.12686763294414050e-02 1.14887950724380516e-02 7.21098763099803364e-03 4.94884241533100067e-03 3.56161919461328580e-03 3.40567474179920282e-03 2.61409429148784511e-03 2.02102118922198315e-03 1.64221506406647677e-03 1.32762073400272129e-03 1.11879330745523475e-03 9.19885396399422461e-04 8.06130368744106818e-04 6.85483088687988129e-04 6.06743977016321878e-04 -2.63129002307286441e+00 -1.66947107891093083e+00 3.26474594019146025e-01 5.09289339843093103e-01 2.59776837249887649e-02 2.98673323435252769e-01 3.20309506574574243e-02 9.05641075041785371e-03 4.37969361709633631e-03 1.21923553545741470e-01 3.49928800569614395e-02 1.31482487722394126e-02 4.37211769639134218e-03 2.66603714648283585e-03 1.86977404526089686e-03 1.25963993306754674e-03 9.52331210328338784e-04 7.31300795173922324e-01 3.26474598034735664e-01 -4.14240406469161826e-02 -9.12268869798538162e-02 -3.40676328923450455e-03 -4.81035463297132537e-02 -1.28704822087115645e-02 -1.18017689312921448e-03 -6.37373041385558281e-04 -2.33230844514054070e-02 -6.17258965534972504e-03 -2.35104406242214736e-03 -3.06644023977753477e-03 -3.72130776611356850e-04 -2.60459574505489400e-04 -1.79580909673404676e-04 -1.45392612509454011e-04 5.67935274499205889e-01 5.09289339691619602e-01 -9.12268849487674061e-02 -1.61459995969060799e-01 -9.32726076897694156e-03 -9.78526564417805389e-02 -5.65782620100208078e-03 -3.34844773652065442e-03 -1.50770889545981390e-03 6.89704772394748034e-02 2.59776813044254595e-02 -3.40676333379974494e-03 -9.32725934340794538e-03 -2.21967027769665037e-04 -4.96866864370559824e-03 -1.63900391205373808e-03 -5.53070863773541532e-05 -5.72841491859321650e-05 3.06110131193435109e-01 2.98673323174050154e-01 -4.81035446581259407e-02 -9.78526554119909520e-02 -4.96866961455566525e-03 5.72986532242794055e-02 3.20309504661295819e-02 -1.28704793602238965e-02 -5.65782592666153050e-03 -1.63900530007055067e-03 2.40457023356555055e-02 9.05641049952521371e-03 -1.18017677262116649e-03 -3.34844775558451602e-03 -5.53065543300590434e-05 1.19925586269857831e-02 4.37969252514847085e-03 -6.37372974310324025e-04 -1.50770814626355332e-03 -5.72841947530378093e-05 1.43855547490602476e-01 1.21923553158719500e-01 -2.33230828272930069e-02 3.72505722772302761e-02 3.49928799810363955e-02 -6.17258872643944301e-03 1.65338799310177365e-02 1.31482489962415627e-02 -2.35104540722730349e-03 1.18993308294648159e-02 4.37211771717116449e-03 -3.06644134283473591e-03 7.33833746105005957e-03 2.66603723522251812e-03 -3.72130768916179022e-04 4.89818688726018081e-03 1.86977397539322965e-03 -2.60459603019569386e-04 3.46482074218101843e-03 1.25964132845268750e-03 -1.79580487447594805e-04 2.58390164898969488e-03 9.52328349320907819e-04 -1.45392787992193462e-04 5.47843054979182398e-02 2.12686761506404309e-02
0
0
1 0
0 4 5 6 8 10 12 14 16 18 20 22 24 26 28 30 32 34 34 34 34 34 34 34 34 34 34 34 34 34 34 34 34 34 37 38 39 41 43 45 47 49 51 51 51 51 51 51 51 51 51 54 55 56 58 60 62 64 66 68 68 68 68 68 68 68 68 68 72 73 74 76 78 78 78 78 78 82 83 84 86 88 88 88 88 88 92 93 94 94 94 98 99 100 100 100 104 105 106 106 106 110 111 112 112 112 116 116 116 118 118 118 120 120 120 122 122 122 124 124 124 126 126 126 128 128 128 130 130 130 130 130
33 50 1 2 3 4 5 6 7 8 9 10 11 12 13 14 15 16 17 18 19 20 21 22 23 24 25 26 27 28 29 30 31 32 67 34 35 36 37 38 39 40 41 42 43 44 45 46 47 48 49 76 51 52 53 54 55 56 57 58 59 60 61 62 63 64 65 66 85 90 68 69 70 71 72 73 74 75 95 100 77 78 79 80 81 82 83 84 105 108 86 87 88 89 111 114 91 92 93 94 117 120 96 97 98 99 123 126 101 102 103 104 129 130 106 107 109 110 112 113 115 116 118 119 121 122 124 125 127 128
1 131 1 -1.35672744979123735e+02 -1.38304933572286274e+02 -1.34941896976246312e+02 -1.36421353286441587e+02 -1.35238418902957193e+02 -1.37057033298334147e+02 -1.35989329439183251e+02 -1.35431561688565097e+02 -1.35078176078990055e+02 -1.37537127888313194e+02 -1.36701942720124066e+02 -1.36188262227252324e+02 -1.35819008859941334e+02 -1.35544822976513899e+02 -1.35330097065886264e+02 -1.35154835893127142e+02 -1.35007454815225771e+02 -1.37866246424776278e+02 -1.37275811916994229e+02 -1.36867999214156640e+02 -1.36554437015651814e+02 -1.36299858914431610e+02 -1.36085234214023188e+02 -1.35900763474820508e+02 -1.35743262825241061e+02 -1.35606762956629581e+02 -1.35486550117475417e+02 -1.35379501756491692e+02 -1.35283139191114287e+02 -1.35195707512645754e+02 -1.35115699855689883e+02 -1.35042129964019239e+02 -1.34974069151758982e+02 -1.38304035002196599e+02 -1.42605694674270069e+02 -1.37246712405300030e+02 -1.39378089509126823e+02 -1.37680493945295467e+02 -1.40387108637233439e+02 -1.38751311611404844e+02 -1.37959187810520291e+02 -1.37447241621068940e+02 -1.41230622555208981e+02 -1.39810355620859326e+02 -1.39034473175933528e+02 -1.38511272839892200e+02 -1.38121615011881431e+02 -1.37813077873987737e+02 -1.37559146545402712e+02 -1.37343442969581758e+02 -1.34941444183949812e+02 -1.37247158179077616e+02 -1.34252020221719306e+02 -1.35618042079230150e+02 -1.34531236891395963e+02 -1.36174593544453842e+02 -1.35234893920199255e+02 -1.34713500462090678e+02 -1.34380284068987294e+02 -1.36590343399220103e+02 -1.35865239829233502e+02 -1.35411739908217072e+02 -1.35079207143102167e+02 -1.34820514096466326e+02 -1.34617735906442931e+02 -1.34452478463254863e+02 -1.34313715825573382e+02 -1.36420454716160947e+02 -1.39378089509087346e+02 -1.35617596301222733e+02 -1.37238601449408236e+02 -1.35946461852870499e+02 -1.37950751342942198e+02 -1.36761450740057455e+02 -1.36158258274401675e+02 -1.35769365078521787e+02 -1.35238124104297299e+02 -1.37681097717138044e+02 -1.34531394885077134e+02 -1.35947065624287575e+02 -1.34817782768631787e+02 -1.36536991981491639e+02 -1.35542949415709415e+02 -1.35004578579522104e+02 -1.34662982936912641e+02 -1.37056134727985352e+02 -1.40387108637311229e+02 -1.36174147766726065e+02 -1.37950751341899064e+02 -1.36536388209833177e+02 -1.35989301194418061e+02 -1.38752181936996379e+02 -1.35235318464870460e+02 -1.36762321065394218e+02 -1.35543215969669774e+02 -1.35431388839374875e+02 -1.37959913531876964e+02 -1.34713780405098703e+02 -1.36158983995534754e+02 -1.35004700528399468e+02 -1.35077791585496556e+02 -1.37447755696955682e+02 -1.34380352367745530e+02 -1.35769879155015587e+02 -1.34662893242068776e+02 -1.37536229317600373e+02 -1.41230622555141338e+02 -1.36589897621349763e+02 -1.36701044149795933e+02 -1.39810355620941010e+02 -1.35864794050423626e+02 -1.36188344075358486e+02 -1.39035453594114614e+02 -1.35412274548522817e+02 -1.35819123755941433e+02 -1.38512286306094694e+02 -1.35079774831071774e+02 -1.35544728571788255e+02 -1.38122419177385353e+02 -1.34820872483980366e+02 -1.35329858284948784e+02 -1.37813737663644872e+02 -1.34617949917803656e+02 -1.35154493024154732e+02 -1.37559702244976222e+02 -1.34452588386156606e+02 -1.35007033983074194e+02 -1.37343920708018345e+02 -1.34313747785871442e+02 -1.37865347854400568e+02 -1.37274913346642222e+02
custom
2.00000000000000011e-01 3.00000000000000000e+00
2.00000000000000011e-01 3.00000000000000000e+00
TASMANIAN SG end
