TASMANIAN SG 4.0
WARNING: do not edit this manually
localpolynomial
2 1 1 5
localp
1 2 131 0 0 0 1 0 2 0 3 0 4 0 5 0 6 0 7 0 8 0 9 0 10 0 11 0 12 0 13 0 14 0 15 0 16 0 17 0 18 0 19 0 20 0 21 0 22 0 23 0 24 0 25 0 26 0 27 0 28 0 29 0 30 0 31 0 32 1 0 1 1 1 2 1 3 1 4 1 5 1 6 1 7 1 8 1 9 1 10 1 11 1 12 1 13 1 14 1 15 1 16 2 0 2 1 2 2 2 3 2 4 2 5 2 6 2 7 2 8 2 9 2 10 2 11 2 12 2 13 2 14 2 15 2 16 3 0 3 1 3 2 3 3 3 4 3 5 3 6 3 7 3 8 4 0 4 1 4 2 4 3 4 4 4 5 4 6 4 7 4 8 5 0 5 1 5 2 5 3 5 4 6 0 6 1 6 2 6 3 6 4 7 0 7 1 7 2 7 3 7 4 8 0 8 1 8 2 8 3 8 4 9 0 9 1 9 2 10 0 10 1 10 2 11 0 11 1 11 2 12 0 12 1 12 2 13 0 13 1 13 2 14 0 14 1 14 2 15 0 15 1 15 2 16 0 16 1 16 2 17 0 18 0
1  -5.04704066954933637e+02 -8.00094852294819248e-01 2.42131910351702118e-01 1.61014582242273718e-01 2.22194900737804346e-02 8.47468308162433459e-02 1.69210484534687566e-02 7.68946430218875321e-03 3.87790548535349444e-03 4.16954904411568350e-02 1.11067262187702909e-02 5.18126995388001887e-03 3.56868227811446559e-03 2.30072234620593008e-03 1.57684472424080013e-03 1.10570824750766405e-03 8.44800782829224772e-04 1.37446802272052082e-02 5.59853658165820889e-03 3.06438281461396400e-03 2.18458231648810397e-03 1.37038480590945255e-03 1.14574004891210279e-03 9.33022944025196921e-04 8.29665919013677922e-04 6.24123660827535787e-04 5.28296027482610953e-04 4.26926223155987827e-04 3.64412260637436702e-04 2.97215328998845507e-04 2.58272466055586847e-04 2.24360820368474378e-04 1.99030757130458369e-04 -8.01745549496843068e-01 -4.62844121451496449e-01 9.74268824430737368e-02 1.33624853385953202e-01 7.75713455902860005e-03 7.55679851634738498e-02 9.95791666298373457e-03 2.54437788677819299e-03 1.38539319053165855e-03 3.04519729654089133e-02 8.82650679690755169e-03 3.66249104584426277e-03 1.48575557821573057e-03 7.16174103928324257e-04 5.44485032037300698e-04 4.05414932174608111e-04 2.90796075972821200e-04 2.42959518390364337e-01 9.70045381889690361e-02 -1.39012990973128581e-02 -2.56013061764122085e-02 -1.17657727955133851e-03 -1.38190526151333870e-02 -3.17295505990955462e-03 -5.45739934494804402e-04 -1.73361585950715380e-04 -8.41509154599862086e-03 -2.09372756899028900e-03 -7.93125574091391172e-04 -7.80977761536405524e-04 -2.32902620126651527e-04 -8.92281364599512017e-05 -4.53126397417236149e-05 -4.40233268079737172e-05 1.62005465182573971e-01 1.33624853351165029e-01 -2.56013056596486877e-02 -3.97036248585038720e-02 -2.58985981319881375e-03 -2.14751177535745796e-02 -2.18195670388610097e-03 -8.83548849557769245e-04 -4.35260838571593922e-04 2.23367233618319005e-02 7.96830646206103665e-03 -1.13963902683167362e-03 -2.58985951538193149e-03 -1.01298387562565040e-05 -1.45855299111730119e-03 -3.26126922708169786e-04 -9.22809498860033273e-06 -9.83718197034022523e-06 8.62401563124990389e-02 7.55679850561392641e-02 -1.38190516656067075e-02 -2.14751175273661943e-02 -1.45855352872104049e-03 1.69252681079115064e-02 9.95791665830836337e-03 -3.17295509451298585e-03 -2.18195668058029923e-03 -3.26127068646542284e-04 7.71622747549827182e-03 2.54437791760153686e-03 -4.74972383827321210e-04 -8.83548863590988276e-04 -5.30459566761010137e-06 3.89720880497179678e-03 1.20381849764328308e-03 -1.77953399017383163e-04 -4.35260368966794431e-04 -5.88900618225807193e-06 4.37554952811751718e-02 3.04519728686400981e-02 -8.41509026692932594e-03 1.09017505989186247e-02 8.82650678271801326e-03 -2.09372742035185411e-03 5.16277663496111927e-03 3.66249108206062601e-03 -7.93126092865747978e-04 3.52333850941022320e-03 1.48575556487884342e-03 -7.80977650386205369e-04 2.32429623758889647e-03 7.16174129472335608e-04 -9.89049976354294813e-05 1.59538448258444987e-03 5.44485022125229534e-04 -5.49930204201132256e-05 1.11592482176092744e-03 2.09679913204752211e-04 -2.95038769380084887e-05 8.45604111077591369e-04 1.96206925842545843e-04 -2.93026222024650451e-05 1.60863630014773662e-04 2.33234231927781366e-09
0
0
1 0
0 4 5 6 8 10 12 14 16 18 20 22 24 26 28 30 32 34 34 34 34 34 34 34 34 34 34 34 34 34 34 34 34 34 37 38 39 41 43 45 47 49 51 51 51 51 51 51 51 51 51 54 55 56 58 60 62 64 66 68 68 68 68 68 68 68 68 68 72 73 74 76 78 78 78 78 78 82 83 84 86 88 88 88 88 88 92 93 94 94 94 98 99 100 100 100 104 105 106 106 106 110 111 112 112 112 116 116 116 118 118 118 120 120 120 122 122 122 124 124 124 126 126 126 128 128 128 130 130 130 130 130
33 50 1 2 3 4 5 6 7 8 9 10 11 12 13 14 15 16 17 18 19 20 21 22 23 24 25 26 27 28 29 30 31 32 67 34 35 36 37 38 39 40 41 42 43 44 45 46 47 48 49 76 51 52 53 54 55 56 57 58 59 60 61 62 63 64 65 66 85 90 68 69 70 71 72 73 74 75 95 100 77 78 79 80 81 82 83 84 105 108 86 87 88 89 111 114 91 92 93 94 117 120 96 97 98 99 123 126 101 102 103 104 129 130 106 107 109 110 112 113 115 116 118 119 121 122 124 125 127 128
1 131 1 -5.04704066954933637e+02 -5.05504161807228456e+02 -5.04461935044581935e+02 -5.04943099798838773e+02 -5.04560781509684034e+02 -5.05138883972217343e+02 -5.04806662328432708e+02 -5.04624734768006647e+02 -5.04507480371647603e+02 -5.05279827399281714e+02 -5.05029885159309288e+02 -5.04869699793681832e+02 -5.04751795959405058e+02 -5.04662100139123879e+02 -5.04591181294121043e+02 -5.04533025232418368e+02 -5.04483862907331911e+02 -5.05378249923027852e+02 -5.05203757149167927e+02 -5.05081320182948673e+02 -5.04984307896757628e+02 -5.04905029411454393e+02 -5.04837035321008386e+02 -5.04778296120974915e+02 -5.04727101791250334e+02 -5.04682459423368016e+02 -5.04642889157537809e+02 -5.04607531104840632e+02 -5.04575616989641958e+02 -5.04546606155722202e+02 -5.04519994529566929e+02 -5.04495447278669417e+02 -5.04472699945199793e+02 -5.05505812504430480e+02 -5.06768751478176796e+02 -5.05166253711635704e+02 -5.05842642555675411e+02 -5.05306056483400312e+02 -5.06145382200946415e+02 -5.05647348564936465e+02 -5.05395700651726429e+02 -5.05230891798842094e+02 -5.06384919376155040e+02 -5.05974079145295264e+02 -5.05736151799306242e+02 -5.05571526096827142e+02 -5.05447739681628320e+02 -5.05348757237807035e+02 -5.05266963017941521e+02 -5.05197437158380069e+02 -5.04461107436543273e+02 -5.05164197750649123e+02 -5.04232876825288884e+02 -5.04677239317530336e+02 -5.04325949218121877e+02 -5.04849790755888648e+02 -5.04555425283643217e+02 -5.04386384602964881e+02 -5.04275708477805949e+02 -5.04973713854373671e+02 -5.04754502038059741e+02 -5.04611944156207016e+02 -5.04505478655576724e+02 -5.04421678200027941e+02 -5.04354679293955598e+02 -5.04299768452356147e+02 -5.04253491874091424e+02 -5.04942934264499513e+02 -5.05840826324168859e+02 -5.04677690218585894e+02 -5.05203756910257425e+02 -5.04786804044002565e+02 -5.05421235911568715e+02 -5.05053627537297416e+02 -5.04856791049855019e+02 -5.04728111790052196e+02 -5.04560250472376651e+02 -5.05303874749114925e+02 -5.04326208850600437e+02 -5.04786438541107088e+02 -5.04421608589893253e+02 -5.04968777893593483e+02 -5.04658336062741000e+02 -5.04483522164895021e+02 -5.04370127332736388e+02 -5.05138133228152469e+02 -5.06142980759804175e+02 -5.04849550860463921e+02 -5.05420650701653187e+02 -5.04968558186750442e+02 -5.04806575341608664e+02 -5.05645610880932452e+02 -5.04556060318570530e+02 -5.05053706084791600e+02 -5.04658780113351327e+02 -5.04624442486179646e+02 -5.05393757672778577e+02 -5.04386830692499530e+02 -5.04856664302402237e+02 -5.04483721613100670e+02 -5.04506781745654962e+02 -5.05228935222579366e+02 -5.04275823582538692e+02 -5.04727775071633914e+02 -5.04369976560908299e+02 -5.05278217371010328e+02 -5.06381658650840677e+02 -5.04972561881035517e+02 -5.05029631995727073e+02 -5.05972175284604873e+02 -5.04754812516346306e+02 -5.04869592026419127e+02 -5.05734393334833612e+02 -5.04612505618036096e+02 -5.04751797809761740e+02 -5.05569877250006130e+02 -5.04506255320717230e+02 -5.04661930424319053e+02 -5.05445919269636420e+02 -5.04422157477300743e+02 -5.04590751094795564e+02 -5.05346676341441992e+02 -5.04354979380087798e+02 -5.04532400184193989e+02 -5.05265079381112173e+02 -5.04299929795624735e+02 -5.04483098986988068e+02 -5.05195524675577360e+02 -5.04253533902424920e+02 -5.05391854074090418e+02 -5.05208175297249056e+02
custom
2.00000000000000011e-01 3.00000000000000000e+00
2.00000000000000011e-01 3.00000000000000000e+00
TASMANIAN SG end
