TASMANIAN SG 4.0
WARNING: do not edit this manually
localpolynomial
2 1 1 5
localp
1 2 123 0 0 0 1 0 2 0 3 0 4 0 5 0 6 0 7 0 8 0 9 0 10 0 11 0 12 0 13 0 14 0 15 0 16 0 17 0 18 0 19 0 20 0 21 0 22 0 23 0 24 0 25 0 26 0 27 0 28 0 29 0 30 0 31 0 32 1 0 1 1 1 2 1 3 1 4 1 5 1 6 1 7 1 8 1 9 1 10 1 11 1 12 1 13 1 14 1 15 1 16 2 0 2 1 2 2 2 3 2 4 2 5 2 6 2 7 2 8 2 9 2 10 2 11 2 12 2 13 2 14 2 15 2 16 3 0 3 1 3 2 3 3 3 4 3 5 3 6 3 7 3 8 4 0 4 1 4 2 4 3 4 4 4 5 4 6 4 7 4 8 5 0 5 1 5 2 5 3 5 4 6 0 6 1 6 2 6 3 6 4 7 0 7 1 7 2 7 3 7 4 8 0 8 1 8 2 8 3 8 4 9 0 9 1 9 2 10 0 10 1 10 2 11 0 11 1 11 2 12 0 12 1 12 2 13 0 13 1 14 0 14 1 15 0 16 0
1  -4.59748662841412852e+02 -1.01537060073172825e+00 3.02044332408172522e-01 2.07165905937472417e-01 2.78692196093857092e-02 1.09520520612932160e-01 2.16261575524185901e-02 9.66957526418354973e-03 4.86252273367426824e-03 5.34313371315988661e-02 1.42035783576375252e-02 6.61656706193980426e-03 4.58117205977259800e-03 2.90487174726195008e-03 1.97648433891117747e-03 1.38231679937916851e-03 1.05590150297985019e-03 1.81127634998006215e-02 7.31151948218666803e-03 3.99764891653831000e-03 2.76955473646012251e-03 1.77459729565043745e-03 1.44238026712173451e-03 1.20775718761478856e-03 1.05210956951395929e-03 7.86826421403929999e-04 6.66573412388515862e-04 5.34271249364337564e-04 4.57583638421965588e-04 3.70655959613941377e-04 3.24432621539472166e-04 2.81597532818977925e-04 2.48308568757238390e-04 -1.01685647153146874e+00 -5.98150537015555983e-01 1.24178729075708816e-01 1.74709208298992280e-01 9.91364108099901387e-03 9.95376574011004323e-02 1.26315756753569985e-02 3.28330443676350114e-03 1.74544432050538489e-03 4.01892409897186553e-02 1.16235409032299231e-02 4.72624782460684401e-03 1.84781027243730023e-03 9.23484541090147104e-04 6.99370958955114475e-04 5.12710174916719552e-04 3.66382580040180983e-04 3.02933115125767927e-01 1.23772936895761632e-01 -1.72174723471130164e-02 -3.29954755384278542e-02 -1.42047535874212372e-03 -1.76994565109964697e-02 -4.18422268572271605e-03 -6.28142132171660705e-04 -2.24484134321301099e-04 -1.04523342386642071e-02 -2.64199776606233172e-03 -1.00568212440066418e-03 -1.03252789838848003e-03 -2.67167770488185852e-04 -1.08525964662931074e-04 -5.83176698114584724e-05 -5.66748119581461651e-05 2.08140459446269688e-01 1.74709208254796522e-01 -3.29954746501925911e-02 -5.26783250089266630e-02 -3.34749169603298924e-03 -2.90845858172232852e-02 -2.69392191132311609e-03 -1.14988578730645941e-03 -5.58545377764119166e-04 2.79983741992282376e-02 1.01165368897966346e-02 -1.38361988999236019e-03 -3.34749119407717899e-03 -1.22112304836718977e-05 -1.84970976309273283e-03 -4.42972733296187471e-04 -8.23069249378249879e-06 -1.36053080055376086e-05 1.11015110186599486e-01 9.95376572701047735e-02 -1.76994551399616284e-02 -2.90845855109793661e-02 -1.84971052716065287e-03 2.16022324497089357e-02 1.26315756592134676e-02 -4.18422257359907235e-03 -2.69392187124850579e-03 -4.42972969487698265e-04 9.70575464134526555e-03 3.28330445968560980e-03 -5.61595470898623716e-04 -1.14988580592978451e-03 -4.92971820875709454e-06 4.88148529228737971e-03 1.54475700234968372e-03 -2.28412041010983557e-04 -5.58544604785993215e-04 -9.78894245662331741e-06 5.54418276295791657e-02 4.01892408620767583e-02 -1.04523325157117597e-02 1.39486556367387493e-02 1.16235408837894738e-02 -2.64199754903415851e-03 6.55239284083108942e-03 4.72624787624909004e-03 -1.00568290639557745e-03 4.50182016913913685e-03 1.84781025564006995e-03 -1.03252777807938401e-03 2.93603951502063865e-03 9.23484575601207780e-04 1.99936919199217300e-03 6.99370939990728857e-04 1.39612229770591512e-03 1.05882973849702466e-03
0
0
1 0
0 4 5 6 8 10 12 14 16 18 20 22 24 26 28 30 32 34 34 34 34 34 34 34 34 34 34 34 34 34 34 34 34 34 37 38 39 41 43 45 47 49 51 51 51 51 51 51 51 51 51 54 55 56 58 60 62 64 66 68 68 68 68 68 68 68 68 68 72 73 74 76 78 78 78 78 78 82 83 84 86 88 88 88 88 88 92 93 94 94 94 98 99 100 100 100 104 105 106 106 106 110 111 112 112 112 114 114 114 116 116 116 118 118 118 120 120 120 121 121 122 122 122 122
33 50 1 2 3 4 5 6 7 8 9 10 11 12 13 14 15 16 17 18 19 20 21 22 23 24 25 26 27 28 29 30 31 32 67 34 35 36 37 38 39 40 41 42 43 44 45 46 47 48 49 76 51 52 53 54 55 56 57 58 59 60 61 62 63 64 65 66 85 90 68 69 70 71 72 73 74 75 95 100 77 78 79 80 81 82 83 84 105 108 86 87 88 89 111 114 91 92 93 94 117 119 96 97 98 99 121 122 101 102 103 104 106 107 109 110 112 113 115 116 118 120
1 123 1 -4.59748662841412852e+02 -4.60764033442144580e+02 -4.59446618509004679e+02 -4.60049182235841215e+02 -4.59569771455599380e+02 -4.60297087318379965e+02 -4.59877296381074643e+02 -4.59649547573241932e+02 -4.59503332459568355e+02 -4.60477129043130674e+02 -4.60158931198752953e+02 -4.59956622741396018e+02 -4.59808398439183975e+02 -4.59696200335580158e+02 -4.59607683030081716e+02 -4.59535169640784488e+02 -4.59473919582783537e+02 -4.60602468479137826e+02 -4.60379796661273190e+02 -4.60224011609649949e+02 -4.60101287162560652e+02 -4.60001127891322938e+02 -4.59915517180968209e+02 -4.59841639652941694e+02 -4.59777478530728899e+02 -4.59721644762075130e+02 -4.59672207380998657e+02 -4.59628081030412432e+02 -4.59588269659202183e+02 -4.59552099892232263e+02 -4.59518926617554882e+02 -4.59488344423643184e+02 -4.59460020737325408e+02 -4.60765519312944321e+02 -4.62379040450691605e+02 -4.60339296251460439e+02 -4.61190404767581470e+02 -4.60514624921511995e+02 -4.61575664431122505e+02 -4.60943704307035148e+02 -4.60627119237527268e+02 -4.60420352619432037e+02 -4.61883731862785737e+02 -4.61357207480091120e+02 -4.61055711722421790e+02 -4.60848182827657524e+02 -4.60692490918947442e+02 -4.60568196224221708e+02 -4.60465593743497720e+02 -4.60378402151363218e+02 -4.59445729726287084e+02 -4.60337327390123050e+02 -4.59160902866226024e+02 -4.59717358127806051e+02 -4.59276867552005911e+02 -4.59935521694862587e+02 -4.59564101992179872e+02 -4.59352257206014542e+02 -4.59214247170516614e+02 -4.60093445539599884e+02 -4.59814878330742715e+02 -4.59635119175055422e+02 -4.59501367215072094e+02 -4.59396355762174039e+02 -4.59312694420635921e+02 -4.59244233362131695e+02 -4.59186575791680298e+02 -4.60048950617732316e+02 -4.61188687278716998e+02 -4.59717812395436511e+02 -4.60376976763146672e+02 -4.59853902958130561e+02 -4.60652627257435540e+02 -4.60187715666960685e+02 -4.59941265446236173e+02 -4.59780680977267309e+02 -4.59569197909650711e+02 -4.60512565505044790e+02 -4.59277145933306087e+02 -4.59853561030373612e+02 -4.59396025150778883e+02 -4.60084242185114817e+02 -4.59692288396535901e+02 -4.59473264256709285e+02 -4.59331848866684027e+02 -4.60296219855151719e+02 -4.61573311097247654e+02 -4.59935238668401837e+02 -4.60651991412053405e+02 -4.60083948267731785e+02 -4.59877204497122875e+02 -4.60942126552321838e+02 -4.59564797442344457e+02 -4.60187855401085869e+02 -4.59692770058671499e+02 -4.59649224620890436e+02 -4.60625310414493697e+02 -4.59352738061984951e+02 -4.59941174112042120e+02 -4.59473478276001458e+02 -4.59502582332676639e+02 -4.60418520205289326e+02 -4.59214371326514822e+02 -4.59780364259901091e+02 -4.59331688861063071e+02 -4.60475427756418469e+02 -4.61880544705477973e+02 -4.60092277964817242e+02 -4.60158636580805251e+02 -4.61355426991461854e+02 -4.59815218873831441e+02 -4.59956525164586765e+02 -4.61054128274802395e+02 -4.59635758208956020e+02 -4.59808431849098724e+02 -4.60846730366808401e+02 -4.59502238683283565e+02 -4.59696007691636680e+02 -4.60690812404228438e+02 -4.59607211896078638e+02 -4.60566239219637225e+02 -4.59534493998865969e+02 -4.59473097199743336e+02
custom
2.00000000000000011e-01 3.00000000000000000e+00
2.00000000000000011e-01 3.00000000000000000e+00
TASMANIAN SG end
