TASMANIAN SG 4.0
WARNING: do not edit this manually
localpolynomial
2 1 1 5
localp
1 2 123 0 0 0 1 0 2 0 3 0 4 0 5 0 6 0 7 0 8 0 9 0 10 0 11 0 12 0 13 0 14 0 15 0 16 0 17 0 18 0 19 0 20 0 21 0 22 0 23 0 24 0 25 0 26 0 27 0 28 0 29 0 30 0 31 0 32 1 0 1 1 1 2 1 3 1 4 1 5 1 6 1 7 1 8 1 9 1 10 1 11 1 12 1 13 1 14 1 15 1 16 2 0 2 1 2 2 2 3 2 4 2 5 2 6 2 7 2 8 2 9 2 10 2 11 2 12 2 13 2 14 2 15 2 16 3 0 3 1 3 2 3 3 3 4 3 5 3 6 3 7 3 8 4 0 4 1 4 2 4 3 4 4 4 5 4 6 4 7 4 8 5 0 5 1 5 2 5 3 5 4 6 0 6 1 6 2 6 3 6 4 7 0 7 1 7 2 7 3 7 4 8 0 8 1 8 2 8 3 8 4 9 0 9 1 9 2 10 0 10 1 10 2 11 0 11 1 11 2 12 0 12 1 12 2 13 0 13 1 14 0 14 1 15 0 16 0
1  -5.40665152268360430e+02 -6.30424129002562950e-01 1.94084603963801783e-01 1.25142681480951978e-01 1.77108627464122037e-02 6.55875208240104257e-02 1.32395500523898590e-02 6.11054942078226304e-03 3.09380969474659651e-03 3.25323239785575424e-02 8.67063371902077051e-03 4.04917125501924602e-03 2.77748583800985216e-03 1.82281075296941708e-03 1.25820090818251629e-03 8.85157136849556991e-04 6.74065497037190653e-04 1.04331446093510749e-02 4.28688126032739092e-03 2.34794896857692947e-03 1.72259791816031793e-03 1.05875624046802841e-03 9.07645228267028870e-04 7.23232383847971505e-04 6.51450172426848439e-04 4.95204569006091333e-04 4.18324850443241303e-04 3.40706812380631163e-04 2.90428123093988688e-04 2.37916952528394177e-04 2.06333915684808744e-04 1.78330599851506122e-04 1.59459398332728597e-04 -6.32063309924774330e-01 -3.58158922751840691e-01 7.64166358999318618e-02 1.02173747617769095e-01 6.06347613779689709e-03 5.73533854615675409e-02 7.83651938354523736e-03 1.97504089658195880e-03 1.09735827879831049e-03 2.30739054454716097e-02 6.70275836233713562e-03 2.83837136157671921e-03 1.19178219176774292e-03 5.58929278156483633e-04 4.23089733374126808e-04 3.19451514485535881e-04 2.30961541490160016e-04 1.94829555974820323e-01 7.60640909218182060e-02 -1.12494127431546076e-02 -1.98694390307991853e-02 -9.80228463163257402e-04 -1.07962621186175056e-02 -2.40998939619885277e-03 -4.70703484552359441e-04 -1.34824563360780303e-04 -6.74321452004278399e-03 -1.65062649540459461e-03 -6.22165074219083181e-04 -5.90732344392108644e-04 -1.98831460693327244e-04 -7.44364297133870423e-05 -3.57070650807145284e-05 -3.41663563858674024e-05 1.26077859400425041e-01 1.02173747589688446e-01 -1.98694387311775245e-02 -2.98951419816830821e-02 -2.00473244788668126e-03 -1.58565352578676766e-02 -1.75438576964381809e-03 -6.80549270640540271e-04 -3.38935302409026917e-04 1.78108806117052154e-02 6.23974845132124756e-03 -9.50801694557412702e-04 -2.00473227073416638e-03 -9.84477196652733255e-06 -1.15125131702598082e-03 -2.41770523132345261e-04 -8.94025438924472837e-06 -7.43054195595505007e-06 6.70005125316492922e-02 5.73533853742844713e-02 -1.07962614614791619e-02 -1.58565350910890857e-02 -1.15125169514840309e-03 1.32585827749380769e-02 7.83651938550633531e-03 -2.40998949638537852e-03 -1.75438575702457911e-03 -2.41770611552283299e-04 6.12706763388359832e-03 1.97504092801636943e-03 -4.11424969058771239e-04 -6.80549281497633274e-04 -5.00006004244823998e-06 3.11333174602168583e-03 9.67448264702852612e-04 -1.37929460208852106e-04 -3.38935017595076715e-04 -4.04367861506216286e-06 3.45077127500417191e-02 2.30739053722999188e-02 -6.74321357014662226e-03 8.50843415651070245e-03 6.70275835217637450e-03 -1.65062639415225476e-03 4.06002285501472215e-03 2.83837138680098633e-03 -6.22165418477038656e-04 2.75722428818880871e-03 1.19178218160698179e-03 -5.90732257407466932e-04 1.83719668655157875e-03 5.58929296715859891e-04 1.27202980206675420e-03 4.23089728798231590e-04 8.94657291837575031e-04 6.76008329833166499e-04
0
0
1 0
0 4 5 6 8 10 12 14 16 18 20 22 24 26 28 30 32 34 34 34 34 34 34 34 34 34 34 34 34 34 34 34 34 34 37 38 39 41 43 45 47 49 51 51 51 51 51 51 51 51 51 54 55 56 58 60 62 64 66 68 68 68 68 68 68 68 68 68 72 73 74 76 78 78 78 78 78 82 83 84 86 88 88 88 88 88 92 93 94 94 94 98 99 100 100 100 104 105 106 106 106 110 111 112 112 112 114 114 114 116 116 116 118 118 118 120 120 120 121 121 122 122 122 122
33 50 1 2 3 4 5 6 7 8 9 10 11 12 13 14 15 16 17 18 19 20 21 22 23 24 25 26 27 28 29 30 31 32 67 34 35 36 37 38 39 40 41 42 43 44 45 46 47 48 49 76 51 52 53 54 55 56 57 58 59 60 61 62 63 64 65 66 85 90 68 69 70 71 72 73 74 75 95 100 77 78 79 80 81 82 83 84 105 108 86 87 88 89 111 114 91 92 93 94 117 119 96 97 98 99 121 122 101 102 103 104 106 107 109 110 112 113 115 116 118 120
1 123 1 -5.40665152268360430e+02 -5.41295576397362993e+02 -5.40471067664396628e+02 -5.40855221651380816e+02 -5.40550399103632117e+02 -5.41009811503547780e+02 -5.40746947409818176e+02 -5.40601665136575548e+02 -5.40507639574319683e+02 -5.41120161626476829e+02 -5.40923845943745278e+02 -5.40797035359344591e+02 -5.40703272353251236e+02 -5.40631585891715076e+02 -5.40574773919195650e+02 -5.40528134181839050e+02 -5.40488679553861175e+02 -5.41197435867310674e+02 -5.41060699683752091e+02 -5.40964480774678009e+02 -5.40887811199644830e+02 -5.40825069749122122e+02 -5.40771083739353003e+02 -5.40724386649150802e+02 -5.40683560860633520e+02 -5.40647873875468690e+02 -5.40616207189294641e+02 -5.40587878821073105e+02 -5.40562296083290903e+02 -5.40539028725783055e+02 -5.40517680544163568e+02 -5.40497981233490464e+02 -5.40479714149730512e+02 -5.41297215578285204e+02 -5.42285798630039608e+02 -5.41026714338421471e+02 -5.41564190675063742e+02 -5.41138190619469128e+02 -5.41802053746265983e+02 -5.41409627057238481e+02 -5.41209617508559859e+02 -5.41078261310971698e+02 -5.41988319958728766e+02 -5.41667748818583505e+02 -5.41480021323534629e+02 -5.41349452049732008e+02 -5.41251034803391462e+02 -5.41172222773372823e+02 -5.41107021356569021e+02 -5.41051582797658170e+02 -5.40470322712385610e+02 -5.41024682750466354e+02 -5.40287487521164962e+02 -5.40642229488975886e+02 -5.40362174482492037e+02 -5.40778664861015727e+02 -5.40545446540024500e+02 -5.40410608751502650e+02 -5.40321872016697171e+02 -5.40875884696282469e+02 -5.40703427167772134e+02 -5.40590411008319506e+02 -5.40505697872711380e+02 -5.40438841752651911e+02 -5.40385207852518761e+02 -5.40341173799522721e+02 -5.40304039869790358e+02 -5.40855106063922335e+02 -5.41562435906711130e+02 -5.40642682580739802e+02 -5.41062436572008551e+02 -5.40730156453963673e+02 -5.41234028561063042e+02 -5.40943367893991081e+02 -5.40786213738344713e+02 -5.40683115963820001e+02 -5.40549926609761314e+02 -5.41136078944851647e+02 -5.40362417513863647e+02 -5.40729799547611719e+02 -5.40438961158069560e+02 -5.40873901107783922e+02 -5.40628070293855330e+02 -5.40488577626491292e+02 -5.40397670369095522e+02 -5.41009160308572177e+02 -5.41799763370469464e+02 -5.40778494208510438e+02 -5.41233492953408472e+02 -5.40873722406610568e+02 -5.40746870583366444e+02 -5.41407911049876702e+02 -5.40546026529289634e+02 -5.40943406654984074e+02 -5.40628465961382744e+02 -5.40601412371426932e+02 -5.41207725562545420e+02 -5.40411026946465427e+02 -5.40786076560679703e+02 -5.40488763775761527e+02 -5.40507011329327383e+02 -5.41076300067648390e+02 -5.40321977115228378e+02 -5.40682756397432968e+02 -5.40397527496943553e+02 -5.41118680230678592e+02 -5.41985199382132237e+02 -5.40874839774286102e+02 -5.40923624752090745e+02 -5.41665888446081681e+02 -5.40703730586862889e+02 -5.40796928300789432e+02 -5.41478275084052029e+02 -5.40590916697578223e+02 -5.40703254201575191e+02 -5.41347794717149895e+02 -5.40506380604812421e+02 -5.40631445123207072e+02 -5.41249254853970911e+02 -5.40574397460792170e+02 -5.41170207134167640e+02 -5.40527574312252568e+02 -5.40487991012526663e+02
custom
2.00000000000000011e-01 3.00000000000000000e+00
2.00000000000000011e-01 3.00000000000000000e+00
TASMANIAN SG end
