1.6000000000000001 0.2875000000000001 -1.1941873347212373
1.6000000000000001 0.4625000000000001 -0.4407581083199116
1.6000000000000001 0.6375000000000002 0.0777733589942509
1.6000000000000001 0.8125000000000001 0.4739722485510606
1.6000000000000001 0.9875000000000002 0.7951384306662946
1.6000000000000001 1.1625000000000001 1.0651179091673599
1.6000000000000001 1.3375000000000001 1.2967553010854498
1.6000000000000001 1.5125000000000002 1.4937749829855638
1.6000000000000001 1.6875000000000000 1.6644233194796325
1.6000000000000001 1.8625000000000000 1.8145000532704927
1.6000000000000001 2.0375000000000001 1.9481227432192390
1.6000000000000001 2.2124999999999999 2.0683129237319067
1.6000000000000001 2.3875000000000002 2.1773490239767841
1.6000000000000001 2.5625000000000000 2.2769887549744805
1.6000000000000001 2.7374999999999998 2.3686146637594030
1.6000000000000001 2.9125000000000001 2.4533325077779340
0.2000000000000002 0.3750000000000002 -5.4798800469865157
0.2000000000000002 0.7250000000000001 -3.6597571698286977
0.2000000000000002 1.0750000000000002 -2.6775362731241019
0.2000000000000002 1.4250000000000000 -2.0185019571928589
0.2000000000000002 1.7750000000000001 -1.5284218369841078
0.2000000000000002 2.1250000000000000 -1.1412771148150398
0.2000000000000002 2.4750000000000001 -0.8228113675331208
0.2000000000000002 2.8250000000000002 -0.5522533253107049
3.0000000000000000 0.3750000000000002 0.4110438587081119
3.0000000000000000 0.7250000000000001 1.3316704401608930
3.0000000000000000 1.0750000000000002 1.9029608215503504
3.0000000000000000 1.4250000000000000 2.3204013772554672
3.0000000000000000 1.7750000000000001 2.6443560156585617
3.0000000000000000 2.1250000000000000 2.8972647205128039
3.0000000000000000 2.4750000000000001 3.1032000317590889
3.0000000000000000 2.8250000000000002 3.2760113662094579
0.9000000000000001 0.5500000000000003 -1.2883714065406100
0.9000000000000001 1.2500000000000000 0.2158012647825893
0.9000000000000001 1.9500000000000002 0.9694250887402075
0.9000000000000001 2.6499999999999999 1.4543782976366100
2.2999999999999998 0.5500000000000003 0.4879087483304362
2.2999999999999998 1.2500000000000000 1.7417639865667327
2.2999999999999998 1.9500000000000002 2.4154454012220015
2.2999999999999998 2.6499999999999999 2.8412101446140818
0.5500000000000003 0.9000000000000001 -1.2883714051752579
0.5500000000000003 2.2999999999999998 0.4879087480848324
1.2500000000000000 0.9000000000000001 0.2158012651695365
1.2500000000000000 2.2999999999999998 1.7417639864858949
1.9500000000000002 0.9000000000000001 0.9694250887556362
1.9500000000000002 2.2999999999999998 2.4154454019496616
2.6499999999999999 0.9000000000000001 1.4543782976961839
2.6499999999999999 2.2999999999999998 2.8412101445428473
0.3750000000000002 0.2000000000000002 -5.4798800468992681
0.3750000000000002 3.0000000000000000 0.4110438590667877
0.7250000000000001 0.2000000000000002 -3.6597571699159310
0.7250000000000001 3.0000000000000000 1.3316704414987279
1.0750000000000002 1.6000000000000001 0.9354309168700161
1.0750000000000002 0.2000000000000002 -2.6775362731310062
1.0750000000000002 3.0000000000000000 1.9029608215049376
1.4250000000000000 1.6000000000000001 1.3990133922691395
1.4250000000000000 0.2000000000000002 -2.0185019569825058
1.4250000000000000 3.0000000000000000 2.3204013771185332
1.7750000000000001 1.6000000000000001 1.7417447223061782
1.7750000000000001 0.2000000000000002 -1.5284218368911140
1.7750000000000001 3.0000000000000000 2.6443560156598354
2.1250000000000000 1.6000000000000001 2.0097401566141828
2.1250000000000000 0.2000000000000002 -1.1412771150101593
2.1250000000000000 3.0000000000000000 2.8972647204992086
2.4750000000000001 1.6000000000000001 2.2282495653239196
2.4750000000000001 0.2000000000000002 -0.8228113640530368
2.4750000000000001 3.0000000000000000 3.1032000327505695
2.8250000000000002 1.6000000000000001 2.4117767731378406
2.8250000000000002 0.2000000000000002 -0.5522533257422440
2.8250000000000002 3.0000000000000000 3.2760113661968431
0.2875000000000001 1.6000000000000001 -1.1941873346914891
0.4625000000000001 1.6000000000000001 -0.4407581083278126
0.6375000000000002 1.6000000000000001 0.0777733589959662
0.8125000000000001 1.6000000000000001 0.4739722485385710
