1.0000000000000000 137.6266469978637303 137.0306296226686698
2.0000000000000000 110.0890495848398700 109.6102423498580691
3.0000000000000000 88.0609628165538538 87.6768790213989888
4.0000000000000000 70.4402143583031375 70.1325319165743082
5.0000000000000000 56.3450859831825710 56.0989167622156657
6.0000000000000000 45.0702278652045720 44.8735037707426230
7.0000000000000000 36.0513866644106997 35.8943472120474709
8.0000000000000000 239.5319048998790095 81.6390769126989966
9.0000000000000000 62.8841877479072195 29.0211360257438180
10.0000000000000000 90.0785445797663442 43.2145968306336030
