1.0000000000000000 137.5620864998041384 137.1235985283470029
2.0000000000000000 110.0405974583387660 109.6913091219638829
3.0000000000000000 88.0252292527853513 87.7453691498666757
4.0000000000000000 70.4143562617672387 70.1910756347905505
5.0000000000000000 56.3268009549168482 56.1486850642980073
6.0000000000000000 45.0576842155950317 44.9156025506111547
7.0000000000000000 36.0431131026256253 35.9298212768151117
8.0000000000000000 28.8320615507502680 28.7417186288208484
9.0000000000000000 23.0636980634387783 22.9916684169762036
10.0000000000000000 18.4493947962002949 18.3919688479667442
