TASMANIAN SG 4.0
WARNING: do not edit this manually
localpolynomial
2 1 1 1
localp
1 2 5 0 0 0 1 0 2 1 0 2 0
1  -6.00213829811468941e+02 -7.33640008668453447e+00 1.58277553038387794e+02 7.75350873117947685e+01 7.04936162058947957e+01
0
0
1 0
0 4 4 4 4 4
3 4 1 2
1 5 1 -6.00213829811468941e+02 -6.07550229898153475e+02 -4.41936276773081147e+02 -5.22678742499674172e+02 -5.29720213605574145e+02
custom
2.00000000000000011e-01 3.00000000000000000e+00
2.00000000000000011e-01 3.00000000000000000e+00
TASMANIAN SG end
