TASMANIAN SG 4.0
WARNING: do not edit this manually
localpolynomial
2 1 1 1
localp
1 2 5 0 0 0 1 0 2 1 0 2 0
1  -5.81084538542998075e+02 -9.40564113003415514e+00 2.07268577210713602e+02 9.94039580987855516e+01 9.46411603431657227e+01
0
0
1 0
0 4 4 4 4 4
3 4 1 2
1 5 1 -5.81084538542998075e+02 -5.90490179673032230e+02 -3.73815961332284473e+02 -4.81680580444212524e+02 -4.86443378199832352e+02
custom
2.00000000000000011e-01 3.00000000000000000e+00
2.00000000000000011e-01 3.00000000000000000e+00
TASMANIAN SG end
