TASMANIAN SG 4.0
WARNING: do not edit this manually
localpolynomial
2 1 1 1
localp
1 2 5 0 0 0 1 0 2 1 0 2 0
1  -5.40769812022074007e+02 -5.86609978442425017e-01 2.21539758843960044e-01 -5.86609978500860052e-01 2.21539755955291184e-01
0
0
1 0
0 4 4 4 4 4
3 4 1 2
1 5 1 -5.40769812022074007e+02 -5.41356422000516432e+02 -5.40548272263230047e+02 -5.41356422000574867e+02 -5.40548272266118715e+02
custom
2.00000000000000011e-01 3.00000000000000000e+00
2.00000000000000011e-01 3.00000000000000000e+00
TASMANIAN SG end
