TASMANIAN SG 4.0
WARNING: do not edit this manually
localpolynomial
2 1 1 1
localp
1 2 5 0 0 0 1 0 2 1 0 2 0
1  -5.69524989748721737e+02 -4.57555788443073652e-01 1.39342252705692943e+02 1.39041931023751488e+02 1.39047640824362361e+02
0
0
1 0
0 4 4 4 4 4
3 4 1 2
1 5 1 -5.69524989748721737e+02 -5.69982545537164810e+02 -4.30182737043028794e+02 -4.30483058724970249e+02 -4.30477348924359376e+02
custom
2.00000000000000011e-01 3.00000000000000000e+00
2.00000000000000011e-01 3.00000000000000000e+00
TASMANIAN SG end
