3.010610872021812767e-04
7.857975172709252831e-05
2.147426054976975252e-05
5.390117828185658766e-06
1.361937182031702775e-06
3.008164809720215160e-04
8.230068422032665865e-05
2.134725016678107323e-05
5.382352908145371373e-06
1.354810238773929143e-06
1.076520542509482592e-01
3.012425603317714362e-02
3.012425603317714362e-02
7.740682643499696702e-03
1.947998463933120483e-03
1.076522551537859584e-01
1.076522551537859584e-01
3.012454005325082562e-02
3.012408963856516575e-02
7.741507106064582366e-03
1.076521675666318734e-01
1.076521675666318734e-01
3.012453619276156402e-02
7.741032244747203528e-03
1.948389833955843642e-03
4.880012055180626973e-04
1.218488041299092828e-04
3.047365252151212900e-05
7.628102371759482025e-06
1.906311854926734384e-06
1.076522337347028957e-01
1.076522337347028957e-01
3.012453937566594853e-02
7.741464341261661275e-03
1.948549545775613012e-03
4.879835551684363892e-04
1.213832965173411438e-04
3.047159401070587137e-05
7.625782377229661790e-06
1.904436764732508891e-06
