 0.0003010610872022
 0.0000785797517271
 0.0000214742605498
 0.0000053901178282
 0.0000013619371820
 0.0003008164809720
 0.0000823006842203
 0.0000213472501668
 0.0000053823529081
 0.0000013548102388
 0.1076520542509483
 0.0301242560331771
 0.0301242560331771
 0.0077406826434997
 0.0019479984639331
 0.1076522551537860
 0.1076522551537860
 0.0301245400532508
 0.0301240896385652
 0.0077415071060646
 0.1076521675666319
 0.1076521675666319
 0.0301245361927616
 0.0077410322447472
 0.0019483898339558
 0.0004880012055181
 0.0001218488041299
 0.0000304736525215
 0.0000076281023718
 0.0000019063118549
 0.1076522337347029
 0.1076522337347029
 0.0301245393756659
 0.0077414643412617
 0.0019485495457756
 0.0004879835551684
 0.0001213832965173
 0.0000304715940107
 0.0000076257823772
 0.0000019044367647
