4.879717861899779408e-04
4.879717861899779408e-04
4.879717861899779408e-04
4.879717861899779408e-04
4.879717861899779408e-04
4.568000265895940659e-01
1.076522334108540591e-01
3.012453811884474586e-02
7.740911701784591870e-03
1.948493932185435540e-03
4.578359469922838043e-01
1.076522190030387849e-01
3.012425603317714362e-02
7.740682643499696702e-03
1.947998463933120483e-03
4.594632164535702445e-01
1.076520422442615033e-01
3.012452947678445625e-02
7.740220159497490648e-03
1.948673455286820122e-03
4.588764793807962317e-01
1.076522551537859584e-01
3.012454005325082562e-02
7.741507106064582366e-03
1.947593356724341973e-03
4.593409754338859674e-01
1.076521675666318734e-01
3.012453619276156402e-02
7.741032244747203528e-03
1.948389833955843642e-03
4.880012055180626973e-04
1.218488041299092828e-04
3.047365252151212900e-05
7.628102371759482025e-06
1.906311854926734384e-06
4.585447859696824002e-01
1.076522337347028957e-01
3.012453937566594853e-02
7.741464341261661275e-03
1.948549545775613012e-03
4.879835551684363892e-04
1.213832965173411438e-04
3.047159401070587137e-05
7.625782377229661790e-06
1.904436764732508891e-06
